1
0
0
0
0
0
0.0054216
-0.0017447
-0.010661
0.026422
0.024545
0.034137
0.02886
0.02675
0.03575
0.015982
0.0079813
0.018101
0.0086687
0.01808
0.0080861
0.02275
-0.0018689
-0.011168
-0.0020063
-0.01232
-0.0016659
-0.011971
0.016484
0.0070921
0.0014615
-0.013821
-0.01725
-0.074556
-0.065971
-0.071925
-0.06551
-0.071112
-0.079528
-0.080421
-0.082672
-0.08813
-0.066325
-0.072399
-0.066091
-0.072012
-0.062433
-0.068326
-0.063094
-0.071301
-0.080515
-0.078179
-0.085216
-0.089538
-0.082659
-0.089536
-0.0565
-0.055517
-0.03625
-0.03775
-0.03625
-0.033176
-0.051913
-0.041707
-0.049468
-0.041892
-0.051224
-0.062417
-0.07167
-0.062543
-0.07211
-0.078663
-0.081569
-0.08725
-0.05725
-0.057888
-0.0885
-0.056129
-0.054705
-0.054144
-0.046625
-0.05139
-0.018278
-0.021656
-0.031921
-0.021348
-0.03241
-0.024869
-0.031747
-0.052912
-0.041672
-0.052037
-0.042495
-0.047946
-0.042421
-0.047661
-0.035964
-0.050598
-0.046375
-0.049125
-0.042976
-0.047965
-0.022926
-0.031583
-0.041733
-0.061482
-0.071729
-0.060526
-0.082619
-0.087824
-0.089
-0.085662
-0.089601
-0.090681
-0.058722
-0.060075
-0.091812
-0.091727
-0.093164
-0.093938
-0.091583
-0.090929
-0.093094
0.024948
0.0336
0.02742
0.03392
0.028156
0.03381
0.028125
0.0145
0.0074817
0.017407
0.0079536
0.018511
0.0086436
-0.0020197
-0.011446
-0.001875
-0.011875
-0.0017622
-0.012498
0.016381
0.0081167
0.017644
0.008125
0.020575
0.022445
-0.0017931
-0.011943
-0.0019567
-0.011875
0.03325
0.028149
0.026761
0.023571
0.015832
0.0080431
0.013984
0.0080973
0.020566
0.018594
0.012875
-0.0017852
-0.011785
-0.001875
-0.01184
-0.015688
0.0066154
0.018088
0.008841
0.017688
0.008125
-0.0016111
-0.01245
-0.013851
-0.0020294
-0.011653
-0.0018611
-0.0091545
0.043661
0.034642
0.028343
0.036339
0.031733
0.036998
0.032875
0.040938
0.044153
0.05375
0.04516
0.038036
0.037861
0.042216
0.042355
0.043875
0.044375
0.039545
0.042313
0.045406
0.055118
0.048722
0.045917
0.019433
0.01097
0.046657
0.056079
0.048168
0.056055
0.051163
0.036914
0.033
0.038004
0.030629
0.041875
0.041434
0.044921
0.054635
0.04828
0.037973
0.028053
0.025595
0.038455
0.032031
0.036581
0.03019
0.059333
0.0465
0.059562
0.055636
0.0505
0.023
0.022389
-0.019545
-0.021462
-0.031027
-0.022521
-0.031858
-0.043262
-0.052154
-0.041875
-0.051919
-0.021489
-0.027
-0.02107
-0.026011
-0.031893
-0.025625
-0.03197
-0.041824
-0.051825
-0.041918
-0.051849
-0.061339
-0.072672
-0.061784
-0.070058
-0.080439
-0.061927
-0.070344
-0.06141
-0.068579
-0.019045
-0.017742
-0.023548
-0.03399
-0.02169
-0.036111
-0.041231
-0.048588
-0.0403
-0.02192
-0.029187
-0.021919
-0.030331
-0.021998
-0.031911
-0.035276
-0.042016
-0.05194
-0.041928
-0.051857
-0.059453
-0.060765
-0.024273
-0.032379
-0.041152
-0.051698
-0.062091
-0.071655
-0.074634
-0.07912
-0.080203
-0.08378
-0.087292
-0.08521
-0.088082
-0.07516
-0.064577
-0.072279
-0.076375
-0.080031
-0.078919
-0.084834
-0.087891
-0.081048
-0.086393
-0.087672
-0.089333
-0.086375
-0.089179
-0.082879
-0.0825
-0.026437
-0.030035
-0.026131
-0.031664
-0.045716
-0.051959
-0.042557
-0.049406
-0.0555
-0.05375
-0.03406
-0.041741
-0.050975
-0.053
-0.054145
-0.055848
-0.054844
-0.05615
-0.061451
-0.069725
-0.062823
-0.071037
-0.060857
-0.067
-0.0782
-0.062116
-0.065473
-0.06725
-0.072702
-0.06145
-0.0675
-0.057411
-0.079222
-0.062473
-0.06725
-0.066389
-0.068359
-0.061381
-0.068559
-0.070929
-0.016625
-0.015198
-0.015944
-0.015977
-0.013251
-0.014292
-0.013986
-0.011633
-0.0091029
-0.025562
-0.02725
-0.025736
-0.031216
-0.020399
-0.021339
-0.027125
-0.03939
-0.022876
-0.031597
-0.0226
-0.030372
-0.021158
-0.027
-0.041719
-0.04825
-0.03725
-0.066429
-0.071284
-0.065979
-0.071623
-0.066068
-0.073307
-0.077
-0.077179
-0.073691
-0.07755
-0.065921
-0.072095
-0.066
-0.073448
-0.07777
-0.077893
-0.078211
-0.034667
-0.066117
-0.071986
-0.06925
-0.064992
-0.069935
-0.07793
0
0
1
1
1
1
1
1
1
1
1
1
1
1
1
1
1
1
1
1
1
1
1
1
1
1
1
1
1
1
1
1
1
1
1
1
1
1
1
1
1
1
1
1
1
1
1
1
1
1
1
1
1
1
1
1
1
1
1
1
1
1
1
1
1
1
1
1
1
1
1
1
1
1
1
1
1
1
1
1
1
1
1
1
1
1
1
1
1
1
1
1
1
1
1
1
1
1
1
1
1
1
1
1
1
1
1
1
1
1
1
1
1
1
1
1
1
1
1
1
1
1
1
1
1
1
1
1
1
1
1
1
1
1
1
1
1
1
1
1
1
1
1
1
1
1
1
1
1
1
1
1
1
1
1
1
1
1
1
1
1
1
1
1
1
1
1
1
1
1
1
1
1
1
1
1
1
1
1
1
1
1
1
1
1
1
1
1
1
1
1
1
1
1
1
1
1
1
1
1
1
1
1
1
1
1
1
1
1
1
1
1
1
1
1
1
1
1
1
1
1
1
1
1
1
1
1
1
1
1
1
1
1
1
1
1
1
1
1
1
1
1
1
1
1
1
1
1
1
1
1
1
1
1
1
1
1
1
1
1
1
1
1
1
1
1
1
1
1
1
1
1
1
1
1
1
1
1
1
1
1
1
1
1
1
1
1
1
1
1
1
1
1
1
1
1
1
1
1
1
1
1
1
1
1
1
1
1
1
1
1
1
1
1
1
1
1
1
1
1
1
1
1
1
1
1
1
1
1
1
1
1
1
1
1
1
1
1
1
1
1
1
1
1
1
1
1
1
1
1
1
1
1
1
1
1
1
1
1
1
1
1
1
1
1
1
1
1
1
1
1
1
1
1
1
1
1
1
1
1
1
1
1
1
1
1
1
1
1
1
1
1
1
1
1
1
1
1
1
0
0
3
3
3
3
3
3
3
3
3
3
3
3
3
3
3
3
3
3
3
3
3
3
3
3
3
3
3
3
3
3
3
3
3
3
3
3
3
3
3
3
3
3
3
3
3
3
3
3
3
3
3
3
3
3
3
3
3
3
3
3
3
3
3
3
3
3
3
3
3
3
3
3
3
3
3
3
3
3
3
3
3
3
3
3
3
3
3
3
3
3
3
3
3
3
3
3
3
3
3
3
3
3
3
3
3
3
3
3
3
3
3
3
3
3
3
3
3
3
3
3
3
3
3
3
3
3
3
3
3
3
3
3
3
3
3
3
3
3
3
3
3
3
3
3
3
3
3
3
3
3
3
3
3
3
3
3
3
3
3
3
3
3
3
3
3
3
3
3
3
3
3
3
3
3
3
3
3
3
3
3
3
3
3
3
3
3
3
3
3
3
3
3
3
3
3
3
3
3
3
3
3
3
3
3
3
3
3
3
3
3
3
3
3
3
3
3
3
3
3
3
3
3
3
3
3
3
3
3
3
3
3
3
3
3
3
3
3
3
3
3
3
3
3
3
3
3
3
3
3
3
3
3
3
3
3
3
3
3
3
3
3
3
3
3
3
3
3
3
3
3
3
3
3
3
3
3
3
3
3
3
3
3
3
3
3
3
3
3
3
3
3
3
3
3
3
3
3
3
3
3
3
3
3
3
3
3
3
3
3
3
3
3
3
3
3
3
3
3
3
3
3
3
3
3
3
3
3
3
3
3
3
3
3
3
3
3
3
3
3
3
3
3
3
3
3
3
3
3
3
3
3
3
3
3
3
3
3
3
3
3
3
3
3
3
3
3
3
3
3
3
3
3
3
3
3
3
3
3
3
3
3
3
3
3
3
3
3
3
3
3
3
3
3
3
3
3
3
3
3
3
3
3
3
3
3
3
3
3
3
3
3
3
3
3
3
3
3
3
3
3
3
3
3
3
3
3
3
3
3
3
3
3
3
3
3
3
3
3
3
3
3
3
3
3
3
3
3
3
3
3
3
3
3
3
3
3
3
3
3
3
3
3
3
3
3
3
3
3
3
3
3
3
3
3
3
3
3
3
3
3
3
3
3
3
3
3
3
3
3
3
3
3
3
3
3
3
3
3
3
3
3
3
3
3
3
3
3
3
3
3
3
3
3
3
3
3
3
3
3
3
3
3
3
3
3
3
3
3
3
3
3
3
3
3
3
3
3
3
3
3
3
3
3
3
3
3
3
3
3
3
3
3
3
3
3
3
3
3
3
3
3
3
3
3
3
3
3
3
3
3
3
3
3
3
3
3
3
3
3
3
3
3
3
3
3
3
3
3
3
3
3
3
3
3
3
3
3
3
3
3
3
3
3
3
3
3
3
3
3
3
3
3
3
3
3
3
3
3
3
3
3
3
3
3
3
3
3
3
3
3
3
3
3
3
3
3
3
3
3
3
3
3
3
3
3
3
3
3
3
3
3
3
3
3
3
3
3
3
3
3
3
3
3
3
3
3
3
3
3
3
3
3
3
