0 9 5
1 12 5
2 14 5
3 12 5
4 10 5
5 11 7
6 9 5
7 12 5
8 13 5
9 11 5
10 14 5
11 20 5
12 27 5
13 9 5
14 32 5
15 24 5
16 39 5
17 19 5
18 18 5
19 19 5
20 10 5
21 10 5
22 8 5
23 11 5
24 14 5
25 16 5
26 16 5
27 12 5
28 14 5
29 14 5
30 12 5
31 12 5
32 8 5
33 14 5
34 13 5
35 10 5
36 8 5
37 13 5
38 24 5
39 28 5
40 11 5
41 17 5
42 22 5
43 31 5
44 31 5
45 35 5
46 30 5
47 32 5
48 18 5
49 20 5
50 13 5
51 16 5
52 11 5
53 13 5
54 12 5
55 11 5
56 13 5
57 13 5
58 6 5
59 18 5
60 9 5
61 13 5
62 12 5
63 17 5
64 8 5
65 12 5
66 12 5
67 8 5
68 11 5
69 18 5
70 17 5
71 10 5
72 16 5
73 10 5
74 11 5
75 12 5
76 14 5
77 7 5
78 13 5
79 15 5
80 24 5
81 23 5
82 9 5
83 10 5
84 11 5
85 8 5
86 12 5
87 19 5
88 9 5
89 10 5
90 76 5
91 14 5
92 12 5
93 15 5
94 10 8
95 12 5
96 9 5
97 22 5
98 18 5
99 12 5
100 25 5
101 9 5
102 18 5
103 13 5
104 18 9
105 13 5
106 13 5
107 19 9
108 13 5
109 11 5
110 12 5
111 24 5
112 12 5
113 10 5
114 10 8
115 12 10
116 10 5
117 16 5
118 17 5
119 12 5
120 14 5
121 11 8
122 11 5
123 10 5
124 12 5
125 14 5
126 12 5
127 12 5
128 11 5
129 12 5
130 27 5
131 18 5
132 14 5
133 11 7
134 14 5
135 8 5
136 12 5
137 13 5
138 36 5
139 12 5
140 7 5
141 13 5
142 24 5
143 16 5
144 12 5
145 16 5
146 14 5
147 16 8
148 16 8
149 10 5
150 12 5
151 19 5
152 15 5
153 9 8
154 7 5
155 9 5
156 13 5
157 11 5
158 14 5
159 20 5
160 12 5
161 24 5
162 20 5
163 11 5
164 10 5
165 31 5
166 18 5
167 13 5
168 46 5
169 9 5
170 9 5
171 11 10
172 13 8
173 10 5
174 13 5
175 10 8
176 15 8
177 23 5
178 8 5
179 18 5
180 40 5
181 11 5
182 13 5
183 12 7
184 11 5
185 12 5
186 10 5
187 15 5
188 13 5
189 15 5
190 15 5
191 23 5
192 19 5
193 9 5
194 13 5
195 19 5
196 12 5
197 15 5
198 11 5
199 18 5
200 12 5
201 11 5
202 10 5
203 15 5
204 10 5
205 11 5
206 25 5
207 12 5
208 12 5
209 10 5
210 18 5
211 16 5
212 12 5
213 18 5
214 16 5
215 21 5
216 30 5
217 8 5
218 10 5
219 12 5
220 21 5
221 11 5
222 12 5
223 11 8
224 14 8
225 20 5
226 10 5
227 12 5
228 11 5
229 12 5
230 11 7
231 11 5
232 19 5
233 9 6
234 23 5
235 17 5
236 8 5
237 15 5
238 12 5
239 12 5
240 14 5
241 20 5
242 26 5
243 55 5
244 23 8
245 19 8
246 20 5
247 11 5
248 11 5
249 11 5
250 13 5
251 33 5
252 26 5
253 17 5
254 25 5
255 10 5
256 14 5
257 11 5
258 31 5
259 21 5
260 17 9
261 8 8
262 14 5
263 12 5
264 11 5
265 15 5
266 14 5
267 14 5
268 11 5
269 24 5
270 9 5
271 49 5
272 13 5
273 17 5
274 14 5
275 8 5
276 25 5
277 13 5
278 13 5
279 14 5
280 13 5
281 17 5
282 7 7
283 14 5
284 9 5
285 33 5
286 13 5
287 14 5
288 25 5
289 12 5
290 18 5
291 14 5
292 12 5
293 9 5
294 11 5
295 14 5
296 10 5
297 8 5
298 21 5
299 10 5
300 11 5
301 15 5
302 19 5
303 9 5
304 8 5
305 11 5
306 41 5
307 7 5
308 14 5
309 80 5
310 6 5
311 9 5
312 10 5
313 17 5
314 12 5
315 19 5
316 19 5
317 12 5
318 49 5
319 15 5
320 13 5
321 11 5
322 8 5
323 9 5
324 8 5
325 12 5
326 16 5
327 12 5
328 16 5
329 14 5
330 13 5
331 13 5
332 26 5
333 16 5
334 15 5
335 26 5
336 14 5
337 17 5
338 19 5
339 13 5
340 16 5
341 15 5
342 15 5
343 11 5
344 15 5
345 11 5
346 15 5
347 12 5
348 13 5
349 12 5
350 11 5
351 13 5
352 16 5
353 12 5
354 10 5
355 19 5
356 12 5
357 24 5
358 14 5
359 12 5
360 24 5
361 14 5
362 30 5
363 22 5
364 11 5
365 17 5
366 14 8
367 23 5
368 11 5
369 9 9
370 16 5
371 29 5
372 12 5
373 55 5
374 19 5
375 14 5
376 13 5
377 10 5
378 11 5
379 13 5
380 12 5
381 12 5
382 10 5
383 8 8
384 15 5
385 14 8
386 15 5
387 22 5
388 23 5
389 18 5
390 22 5
391 12 5
392 10 5
393 14 5
394 11 5
395 14 8
396 6 5
397 10 5
398 20 5
399 7 5
400 15 5
401 35 5
402 12 5
403 12 5
404 14 5
405 11 5
406 11 5
407 11 5
408 22 5
409 13 8
410 18 5
411 9 5
412 21 5
413 13 5
414 18 5
415 24 5
416 18 5
417 24 5
418 18 5
419 16 5
420 17 5
421 18 5
422 28 5
423 13 5
424 14 5
425 15 5
426 12 5
427 19 5
428 12 5
429 12 5
430 17 5
431 13 5
432 16 5
433 33 5
434 16 5
435 18 5
436 15 5
437 18 5
438 14 5
439 15 5
440 15 5
441 12 5
442 11 5
443 13 5
444 7 5
445 14 5
446 38 5
447 13 5
448 11 5
449 18 5
450 11 5
451 26 5
452 22 5
453 17 5
454 12 5
455 13 5
456 9 5
457 14 5
458 12 5
459 8 5
460 10 5
461 12 5
462 12 5
463 14 5
464 10 5
465 19 5
466 8 5
467 10 5
468 16 5
469 10 5
470 14 5
471 11 5
472 27 5
473 24 5
474 20 5
475 13 5
476 17 5
477 12 5
478 9 5
479 9 5
480 12 5
481 18 5
482 20 5
483 18 5
484 12 5
485 19 5
486 11 5
487 23 5
488 17 5
489 25 5
490 26 5
491 21 5
492 24 5
493 16 5
494 13 8
495 13 5
496 14 5
497 10 5
498 13 5
499 10 5
500 11 5
501 17 5
502 17 5
503 15 5
504 13 5
505 14 5
506 15 5
507 11 5
508 11 5
509 10 5
510 10 5
511 16 5
512 10 7
513 9 5
514 13 5
515 9 5
516 31 5
517 11 5
518 10 5
519 160 5
520 9 5
521 14 9
522 12 5
523 13 5
524 11 5
525 14 5
526 16 5
527 13 5
528 12 5
529 19 5
530 16 5
531 10 5
532 10 5
533 11 5
534 17 5
535 17 5
536 12 5
537 12 5
538 12 5
539 12 5
540 10 5
541 11 5
542 14 5
543 8 7
544 9 8
545 11 5
546 16 5
547 15 5
548 14 5
549 23 5
550 10 5
551 13 5
552 12 5
553 17 5
554 31 5
555 23 5
556 13 7
557 16 5
558 20 5
559 32 5
560 38 5
561 10 5
562 35 5
563 8 5
564 28 5
565 13 5
566 27 5
567 18 5
568 14 5
569 12 5
570 23 5
571 36 5
572 29 5
573 17 5
574 8 5
575 12 5
576 11 5
577 13 5
578 15 5
579 11 5
580 11 5
581 11 5
582 11 5
583 15 5
584 12 5
585 15 5
586 8 5
587 43 5
588 16 5
589 10 5
590 15 5
591 25 5
592 23 5
593 16 5
594 48 5
595 7 5
596 84 5
597 8 5
598 9 5
599 8 5
600 47 5
601 16 5
602 20 5
603 8 5
604 15 5
605 19 5
606 14 5
607 15 5
608 11 5
609 13 5
610 19 5
611 15 5
612 15 5
613 20 5
614 14 5
615 17 5
616 32 5
617 26 5
618 17 5
619 13 5
620 11 5
621 10 9
622 19 5
623 19 5
624 13 5
625 16 5
626 13 5
627 8 5
628 20 5
629 18 5
630 14 5
631 11 5
632 22 5
633 15 5
634 17 5
635 14 5
636 25 5
637 13 5
638 12 5
639 15 5
640 9 5
641 12 5
642 18 5
643 8 5
644 13 5
645 259 5
646 16 5
647 12 5
648 13 5
649 11 5
650 12 5
651 11 5
652 15 5
653 18 5
654 18 5
655 13 5
656 15 5
657 10 5
658 12 5
659 18 5
660 12 5
661 16 5
662 18 5
663 11 7
664 13 5
665 9 5
666 10 5
667 15 5
668 14 5
669 12 5
670 9 5
671 11 5
672 13 5
673 16 5
674 18 5
675 20 5
676 9 5
677 41 5
678 17 5
679 17 5
680 13 5
681 11 5
682 9 5
683 15 5
684 56 5
685 30 5
686 17 5
687 8 5
688 11 5
689 11 5
690 13 5
691 13 5
692 11 5
693 13 5
694 20 5
695 15 5
696 12 5
697 15 5
698 16 5
699 12 5
700 35 5
701 15 5
702 9 5
703 12 5
704 13 5
705 10 5
706 10 5
707 13 5
708 10 5
709 20 8
710 9 5
711 9 5
712 17 5
713 10 5
714 18 5
715 14 5
716 12 5
717 7 5
718 10 5
719 14 5
720 25 5
721 15 5
722 8 5
723 18 5
724 12 5
725 16 5
726 13 5
727 16 5
728 11 5
729 18 5
730 11 5
731 13 5
732 17 5
733 14 5
734 13 5
735 11 5
736 17 5
737 17 5
738 30 5
739 14 7
740 14 5
741 12 5
742 11 5
743 10 5
744 36 5
745 7 5
746 33 5
747 23 5
748 14 5
749 9 8
750 10 5
751 21 5
752 12 5
753 15 5
754 18 5
755 25 5
756 17 5
757 12 5
758 11 5
759 19 5
760 19 5
761 11 5
762 14 5
763 8 5
764 21 5
765 12 5
766 8 5
767 66 5
768 13 5
769 19 5
770 15 5
771 23 5
772 30 5
773 22 5
774 16 5
775 9 5
776 9 5
777 55 5
778 17 5
779 107 5
780 13 5
781 15 5
782 16 5
783 12 8
784 12 5
785 20 5
786 12 5
787 12 5
788 17 5
789 20 5
790 10 5
791 12 5
792 13 5
793 11 5
794 11 5
795 12 5
796 14 5
797 13 5
798 11 5
799 12 5
800 21 5
801 9 5
802 10 5
803 13 5
804 13 5
805 13 5
806 20 5
807 17 5
808 30 5
809 14 5
810 16 5
811 41 5
812 43 5
813 33 5
814 24 5
815 29 5
816 27 5
817 17 5
818 12 5
819 17 9
820 22 5
821 15 5
822 16 8
823 14 5
824 9 5
825 12 5
826 14 5
827 10 5
828 13 8
829 15 5
830 12 5
831 10 5
832 9 8
833 14 5
834 14 5
835 16 5
836 14 5
837 18 5
838 22 5
839 21 5
840 10 5
841 11 8
842 11 5
843 16 5
844 12 5
845 8 5
846 13 7
847 13 5
848 23 5
849 25 5
850 33 5
851 12 5
852 22 5
853 10 5
854 14 5
855 11 5
856 13 5
857 24 5
858 12 5
859 21 5
860 10 5
861 12 5
862 21 5
863 16 5
864 12 5
865 19 5
866 37 5
867 23 5
868 35 5
869 24 5
870 11 5
871 22 5
872 16 5
873 11 5
874 13 5
875 13 5
876 7 5
877 16 5
878 20 5
879 8 5
880 12 5
881 14 5
882 34 5
883 11 5
884 10 5
885 14 5
886 11 5
887 17 5
888 21 5
889 14 5
890 10 5
891 9 5
892 18 5
893 17 5
894 10 5
895 24 5
896 10 5
897 14 5
898 15 5
899 10 5
900 9 5
901 10 5
902 10 5
903 9 5
904 10 5
905 19 5
906 19 5
907 13 5
908 9 5
909 18 5
910 17 5
911 13 5
912 20 5
913 10 5
914 29 5
915 19 5
916 8 5
917 28 5
918 14 5
919 29 5
920 11 5
921 8 5
922 15 5
923 11 5
924 11 5
925 12 5
926 11 5
927 19 5
928 8 5
929 10 5
930 11 5
931 27 5
932 13 5
933 12 5
934 18 5
935 9 5
936 9 5
937 12 5
938 11 5
939 11 5
940 13 5
941 11 5
942 14 5
943 16 5
944 22 5
945 39 5
946 13 5
947 24 5
948 36 5
949 14 5
950 23 5
951 9 5
952 14 5
953 17 5
954 7 5
955 10 5
956 12 5
957 9 5
958 28 5
959 10 5
960 17 5
961 29 5
962 21 5
963 12 5
964 19 5
965 23 5
966 11 5
967 20 5
968 12 5
969 13 5
970 22 5
971 23 5
972 8 5
973 10 5
974 15 5
975 10 5
976 14 5
977 14 5
978 27 5
979 20 5
980 13 5
981 13 5
982 15 5
983 18 5
984 12 5
985 12 5
986 17 5
987 14 5
988 12 5
989 13 5
990 14 5
991 31 5
992 20 5
993 14 5
994 11 5
995 20 5
996 9 5
997 10 5
998 13 5
999 10 5
1000 14 5
1001 15 5
1002 15 5
1003 13 5
1004 9 7
1005 10 5
1006 10 5
1007 10 5
1008 14 5
1009 11 5
1010 9 5
1011 15 5
1012 13 5
1013 12 5
1014 25 5
1015 26 5
1016 15 5
1017 12 5
1018 16 5
1019 17 5
1020 10 5
1021 13 5
1022 23 5
1023 14 5
1024 15 5
1025 18 5
1026 18 5
1027 16 5
1028 25 5
1029 13 5
1030 14 5
1031 14 5
1032 18 5
1033 13 5
1034 11 5
1035 19 5
1036 18 5
1037 13 5
1038 10 5
1039 12 5
1040 16 5
1041 10 5
1042 12 5
1043 18 5
1044 19 5
1045 12 5
1046 11 5
1047 22 5
1048 26 5
1049 22 5
1050 27 5
1051 19 5
1052 17 5
1053 17 5
1054 24 5
1055 10 5
1056 12 5
1057 33 5
1058 9 5
1059 11 5
1060 26 5
1061 13 5
1062 10 5
1063 13 5
1064 12 5
1065 18 5
1066 21 5
1067 14 5
1068 20 5
1069 24 5
1070 13 5
1071 25 5
1072 14 5
1073 26 5
1074 15 5
1075 14 5
1076 15 5
1077 13 5
1078 10 5
1079 11 5
1080 8 5
1081 18 5
1082 12 5
1083 7 5
1084 12 5
1085 9 5
1086 13 5
1087 14 8
1088 16 5
1089 17 8
1090 13 5
1091 21 5
1092 20 5
1093 13 5
1094 13 5
1095 11 5
1096 11 5
1097 14 5
1098 12 5
1099 14 5
1100 14 5
1101 17 5
1102 13 5
1103 11 5
1104 10 5
1105 12 5
1106 23 5
1107 17 5
1108 11 8
1109 9 7
1110 15 5
1111 16 5
1112 16 5
1113 19 5
1114 22 8
1115 23 7
1116 21 5
1117 21 5
1118 32 5
1119 22 5
1120 29 5
1121 14 5
1122 48 5
1123 13 5
1124 11 5
1125 13 5
1126 16 5
1127 16 5
1128 14 5
1129 30 5
1130 15 5
1131 15 5
1132 12 5
1133 11 8
1134 26 5
1135 11 5
1136 19 5
1137 20 8
1138 21 5
1139 17 5
1140 25 5
1141 17 5
1142 18 5
1143 13 7
1144 18 5
1145 14 5
1146 9 5
1147 13 5
1148 12 5
1149 8 5
1150 12 5
1151 15 5
1152 16 5
1153 11 5
1154 16 5
1155 13 5
1156 12 5
1157 25 5
1158 23 5
1159 21 5
1160 17 5
1161 15 5
1162 17 5
1163 9 5
1164 36 5
1165 37 5
1166 31 5
1167 9 5
1168 13 5
1169 9 5
1170 11 5
1171 12 5
1172 13 5
1173 11 5
1174 18 5
1175 18 5
1176 20 5
1177 10 5
1178 14 5
1179 13 5
1180 16 5
1181 15 5
1182 10 5
1183 14 5
1184 17 5
1185 19 5
1186 19 5
1187 24 5
1188 10 5
1189 18 5
1190 22 5
1191 32 5
1192 11 7
1193 29 5
1194 7 5
1195 12 5
1196 11 5
1197 12 5
1198 16 8
1199 13 5
1200 16 5
1201 11 7
1202 13 5
1203 18 5
1204 16 5
1205 15 5
1206 23 5
1207 11 5
1208 13 5
1209 14 5
1210 9 7
1211 11 5
1212 8 5
1213 12 5
1214 11 5
1215 10 5
1216 12 5
1217 10 5
1218 15 5
1219 9 5
1220 11 5
1221 13 5
1222 16 5
1223 27 5
1224 13 5
1225 10 5
1226 11 5
1227 18 5
1228 11 5
1229 10 5
1230 30 5
1231 9 5
1232 15 5
1233 18 5
1234 47 5
1235 16 5
1236 7 5
1237 19 5
1238 12 5
1239 10 5
1240 17 8
1241 10 5
1242 22 5
1243 9 5
1244 10 5
1245 13 7
1246 12 5
1247 33 5
1248 10 5
1249 12 5
1250 31 5
1251 11 5
1252 18 5
1253 18 5
1254 19 5
1255 13 5
1256 15 5
1257 15 5
1258 12 5
1259 14 5
1260 23 5
1261 16 5
1262 12 5
1263 15 5
1264 11 5
1265 14 5
1266 13 5
1267 18 5
1268 15 5
1269 16 5
1270 21 5
1271 11 5
1272 17 5
1273 7 5
1274 15 5
1275 17 5
1276 19 5
1277 12 5
1278 17 5
1279 25 5
1280 10 5
1281 21 5
1282 12 5
1283 9 5
1284 9 5
1285 11 5
1286 9 5
1287 8 5
1288 16 5
1289 10 5
1290 15 5
1291 17 5
1292 13 5
1293 11 5
1294 19 5
1295 12 5
1296 14 5
1297 12 5
1298 18 5
1299 14 5
1300 12 5
1301 9 5
1302 10 5
1303 8 5
1304 9 5
1305 9 5
1306 9 5
1307 19 5
1308 17 5
1309 10 5
1310 9 5
1311 19 5
1312 13 5
1313 14 5
1314 18 5
1315 18 5
1316 24 5
1317 8 5
1318 17 5
1319 12 5
1320 28 5
1321 18 5
1322 20 5
1323 19 5
1324 22 5
1325 11 5
1326 12 5
1327 15 5
1328 14 5
1329 10 5
1330 10 5
1331 19 5
1332 14 7
1333 12 5
1334 18 5
1335 16 5
1336 38 5
1337 17 5
1338 17 7
1339 10 5
1340 9 5
1341 19 5
1342 9 5
1343 12 5
1344 8 5
1345 9 5
1346 12 5
1347 9 5
1348 20 5
1349 8 5
1350 32 5
1351 11 5
1352 11 5
1353 12 5
1354 16 5
1355 10 5
1356 11 5
1357 10 5
1358 27 5
1359 14 5
1360 18 5
1361 11 5
1362 16 5
1363 9 5
1364 14 5
1365 9 5
1366 8 5
1367 16 5
1368 11 5
1369 19 5
1370 12 5
1371 12 5
1372 13 5
1373 36 5
1374 15 5
1375 37 5
1376 7 5
1377 10 5
1378 27 5
1379 24 5
1380 13 5
1381 15 5
1382 20 5
1383 15 5
1384 18 5
1385 14 5
1386 10 5
1387 9 5
1388 9 5
1389 23 5
1390 16 5
1391 7 5
1392 26 5
1393 30 5
1394 12 5
1395 10 5
1396 28 7
1397 24 5
1398 8 5
1399 18 5
1400 11 5
1401 16 5
1402 30 5
1403 36 5
1404 7 5
1405 10 9
1406 13 5
1407 19 5
1408 10 5
1409 26 5
1410 10 5
1411 15 5
1412 11 5
1413 12 5
1414 11 5
1415 8 5
1416 12 5
1417 28 5
1418 10 5
1419 10 5
1420 16 5
1421 12 5
1422 13 5
1423 22 5
1424 17 5
1425 29 5
1426 32 5
1427 20 5
1428 15 5
1429 44 5
1430 14 5
1431 28 5
1432 19 5
1433 14 5
1434 15 5
1435 9 8
1436 13 7
1437 16 5
1438 9 5
1439 25 5
1440 8 5
1441 9 5
1442 13 5
1443 11 5
1444 10 5
1445 12 5
1446 18 5
1447 13 5
1448 16 5
1449 10 5
1450 18 5
1451 14 5
1452 13 5
1453 16 5
1454 14 5
1455 14 5
1456 13 5
1457 14 5
1458 21 5
1459 16 5
1460 11 5
1461 20 5
1462 22 5
1463 16 5
1464 12 5
1465 11 5
1466 10 5
1467 12 5
1468 12 5
1469 16 5
1470 11 5
1471 9 5
1472 15 5
1473 10 5
1474 19 5
1475 11 5
1476 13 5
1477 11 5
1478 14 5
1479 16 5
1480 13 5
1481 12 5
1482 16 5
1483 11 5
1484 16 5
1485 30 5
1486 16 5
1487 15 5
1488 26 5
1489 33 5
1490 13 5
1491 20 5
1492 12 5
1493 11 5
1494 11 5
1495 10 5
1496 11 5
1497 13 5
1498 17 5
1499 24 5
1500 10 5
1501 13 5
1502 20 5
1503 30 5
1504 12 5
1505 13 5
1506 11 5
1507 15 5
1508 14 5
1509 13 5
1510 14 5
1511 16 5
1512 11 5
1513 9 5
1514 9 5
1515 23 5
1516 16 5
1517 10 5
1518 7 5
1519 12 5
1520 16 5
1521 15 5
1522 10 9
1523 11 5
1524 13 5
1525 9 5
1526 15 5
1527 15 5
1528 10 5
1529 14 5
1530 63 5
1531 10 5
1532 13 7
1533 18 5
1534 12 5
1535 9 5
1536 14 5
1537 14 5
1538 14 5
1539 16 5
1540 11 5
1541 10 5
1542 24 5
1543 11 5
1544 11 5
1545 11 5
1546 14 5
1547 14 5
1548 15 5
1549 15 5
1550 20 5
1551 10 5
1552 15 5
1553 16 5
1554 12 5
1555 17 5
1556 11 5
1557 15 5
1558 26 5
1559 26 5
1560 11 5
1561 14 5
1562 21 5
1563 18 5
1564 21 5
1565 12 5
1566 16 5
1567 13 5
1568 9 5
1569 10 5
1570 19 5
1571 14 5
1572 14 5
1573 13 5
1574 8 5
1575 59 5
1576 58 5
1577 10 5
1578 58 5
1579 11 5
1580 11 5
1581 21 5
1582 11 5
1583 12 5
1584 9 5
1585 11 5
1586 17 5
1587 29 5
1588 18 5
1589 12 5
1590 20 5
1591 12 5
1592 12 5
1593 22 5
1594 10 5
1595 32 5
1596 18 5
1597 14 5
1598 13 5
1599 12 5
1600 18 5
1601 14 5
1602 15 5
1603 14 5
1604 14 8
1605 20 5
1606 12 5
1607 11 5
1608 10 5
1609 18 5
1610 13 5
1611 12 5
1612 23 5
1613 12 5
1614 27 5
1615 20 5
1616 25 5
1617 11 5
1618 26 5
1619 22 5
1620 12 5
1621 30 5
1622 13 5
1623 11 5
1624 14 5
1625 13 5
1626 9 5
1627 20 5
1628 17 5
1629 19 5
1630 13 5
1631 16 5
1632 14 5
1633 44 5
1634 19 5
1635 17 5
1636 14 5
1637 20 5
1638 16 5
1639 14 5
1640 16 5
1641 13 5
1642 13 5
1643 26 5
1644 11 5
1645 12 5
1646 11 5
1647 10 5
1648 12 8
1649 9 5
1650 11 5
1651 24 5
1652 13 5
1653 9 5
1654 16 5
1655 11 5
1656 16 5
1657 12 5
1658 14 5
1659 14 5
1660 11 8
1661 16 5
1662 18 5
1663 32 5
1664 17 5
1665 15 5
1666 12 8
1667 12 5
1668 41 5
1669 19 5
1670 8 5
1671 12 5
1672 16 5
1673 13 5
1674 17 5
1675 15 5
1676 11 5
1677 15 5
1678 16 5
1679 13 5
1680 17 5
1681 21 5
1682 11 7
1683 15 5
1684 11 5
1685 9 5
1686 17 5
1687 20 5
1688 18 5
1689 28 5
1690 12 5
1691 18 5
1692 16 5
1693 22 5
1694 16 5
1695 22 5
1696 20 5
1697 11 5
1698 11 5
1699 8 5
1700 12 5
1701 23 5
1702 24 5
1703 16 5
1704 10 5
1705 12 5
1706 16 8
1707 9 8
1708 31 5
1709 21 5
1710 12 5
1711 14 5
1712 12 5
1713 14 5
1714 11 5
1715 16 5
1716 22 5
1717 8 5
1718 10 5
1719 12 5
1720 10 5
1721 13 5
1722 11 5
1723 13 5
1724 25 5
1725 13 5
1726 8 9
1727 16 5
1728 11 5
1729 11 5
1730 12 5
1731 13 5
1732 9 5
1733 28 5
1734 11 5
1735 15 5
1736 13 5
1737 10 5
1738 13 5
1739 19 5
1740 12 5
1741 14 5
1742 22 5
1743 16 5
1744 12 5
1745 14 5
1746 14 5
1747 13 5
1748 14 5
1749 11 5
1750 12 5
1751 18 5
1752 14 8
1753 18 5
1754 12 5
1755 15 5
1756 11 5
1757 16 5
1758 12 5
1759 12 5
1760 16 5
1761 14 5
1762 15 5
1763 14 5
1764 12 5
1765 13 5
1766 14 5
1767 17 5
1768 18 5
1769 10 5
1770 13 5
1771 10 7
1772 12 5
1773 16 8
1774 11 5
1775 15 5
1776 15 5
1777 9 5
1778 24 5
1779 12 5
1780 18 5
1781 29 5
1782 16 5
1783 22 5
1784 14 5
1785 10 5
1786 13 5
1787 34 5
1788 15 5
1789 22 5
1790 27 5
1791 18 5
1792 21 5
1793 18 5
1794 11 5
1795 12 5
1796 12 5
1797 11 5
1798 12 5
1799 9 5
1800 25 5
1801 25 5
1802 74 5
1803 50 5
1804 24 5
1805 14 5
1806 15 5
1807 19 5
1808 9 5
1809 57 5
1810 34 5
1811 9 5
1812 18 5
1813 16 5
1814 19 5
1815 12 5
1816 15 5
1817 10 5
1818 12 5
1819 16 5
1820 12 5
1821 15 5
1822 19 5
1823 16 5
1824 9 5
1825 16 5
1826 10 5
1827 13 5
1828 23 5
1829 14 5
1830 17 5
1831 9 5
1832 18 5
1833 10 5
1834 14 5
1835 17 5
1836 12 5
1837 41 5
1838 23 5
1839 37 5
1840 12 5
1841 12 5
1842 14 5
1843 10 5
1844 12 5
1845 11 5
1846 15 5
1847 11 5
1848 10 5
1849 13 9
1850 9 5
1851 34 5
1852 9 5
1853 21 5
1854 21 5
1855 12 5
1856 12 5
1857 13 5
1858 12 5
1859 15 5
1860 16 5
1861 13 5
1862 24 5
1863 11 5
1864 9 5
1865 12 5
1866 8 5
1867 7 5
1868 11 5
1869 10 5
1870 11 5
1871 54 5
1872 8 7
1873 10 5
1874 11 5
1875 20 5
1876 12 5
1877 19 5
1878 12 5
1879 23 5
1880 11 5
1881 14 5
1882 13 5
1883 13 5
1884 13 5
1885 13 5
1886 13 5
1887 35 5
1888 18 5
1889 16 5
1890 20 5
1891 23 5
1892 12 5
1893 9 5
1894 20 5
1895 9 5
1896 18 5
1897 8 6
1898 11 5
1899 10 5
1900 15 5
1901 11 5
1902 16 5
1903 8 5
1904 12 5
1905 11 5
1906 26 5
1907 13 5
1908 17 5
1909 20 5
1910 18 5
1911 16 5
1912 12 5
1913 15 5
1914 13 5
1915 12 5
1916 10 5
1917 18 5
1918 12 5
1919 11 5
1920 21 5
1921 13 5
1922 11 5
1923 14 5
1924 12 5
1925 22 5
1926 24 5
1927 19 5
1928 12 5
1929 12 5
1930 14 5
1931 10 5
1932 12 5
1933 11 5
1934 13 5
1935 13 5
1936 14 5
1937 14 5
1938 13 5
1939 18 5
1940 12 5
1941 12 5
1942 9 5
1943 19 5
1944 18 5
1945 19 5
1946 42 5
1947 13 5
1948 35 5
1949 9 5
1950 18 5
1951 12 5
1952 19 5
1953 29 5
1954 9 5
1955 18 5
1956 25 5
1957 20 5
1958 23 5
1959 15 5
1960 17 5
1961 9 5
1962 11 5
1963 12 5
1964 12 5
1965 13 5
1966 15 5
1967 13 5
1968 17 5
1969 23 8
1970 18 5
1971 26 5
1972 8 5
1973 21 5
1974 12 5
1975 8 5
1976 41 5
1977 15 5
1978 11 5
1979 17 5
1980 18 5
1981 7 5
1982 7 5
1983 10 5
1984 8 5
1985 11 5
1986 18 5
1987 8 8
1988 12 5
1989 25 5
1990 18 5
1991 31 5
1992 14 5
1993 34 5
1994 26 5
1995 8 5
1996 20 5
1997 9 5
1998 40 5
1999 22 5
2000 39 5
2001 21 5
2002 17 5
2003 15 5
2004 8 5
2005 13 5
2006 13 5
2007 14 5
2008 11 5
2009 12 5
2010 12 5
2011 17 5
2012 16 5
2013 14 5
2014 15 5
2015 12 5
2016 12 5
2017 16 5
2018 27 5
2019 19 5
2020 13 5
2021 14 5
2022 15 5
2023 13 5
2024 24 5
2025 13 5
2026 12 5
2027 20 5
2028 37 5
2029 13 5
2030 8 5
2031 17 5
2032 16 5
2033 9 5
2034 10 5
2035 13 5
2036 20 5
2037 12 5
2038 16 5
2039 12 5
2040 22 5
2041 11 5
2042 13 5
2043 17 5
2044 16 5
2045 14 5
2046 17 5
2047 11 5
2048 20 5
2049 9 5
2050 12 5
2051 11 5
2052 21 5
2053 15 5
2054 11 5
2055 9 5
2056 28 5
2057 32 5
2058 12 5
2059 9 5
2060 12 5
2061 12 5
2062 27 5
2063 9 5
2064 13 5
2065 11 5
2066 11 5
2067 11 5
2068 13 5
2069 20 5
2070 18 5
2071 15 5
2072 13 5
2073 20 5
2074 10 5
2075 11 5
2076 20 5
2077 17 5
2078 37 5
2079 12 5
2080 11 8
2081 13 5
2082 14 5
2083 16 5
2084 11 5
2085 11 5
2086 14 5
2087 9 5
2088 13 5
2089 13 5
2090 19 5
2091 9 5
2092 14 5
2093 13 5
2094 24 5
2095 13 5
2096 8 5
2097 221 5
2098 13 5
2099 13 5
2100 12 5
2101 9 5
2102 15 5
2103 16 5
2104 14 5
2105 15 5
2106 25 5
2107 16 5
2108 18 5
2109 18 5
2110 9 5
2111 10 5
2112 20 5
2113 15 5
2114 17 5
2115 12 5
2116 11 5
2117 15 5
2118 18 5
2119 11 5
2120 11 5
2121 12 5
2122 18 5
2123 15 5
2124 12 5
2125 13 5
2126 18 5
2127 15 5
2128 13 5
2129 18 5
2130 15 5
2131 11 5
2132 18 5
2133 26 5
2134 19 5
2135 22 5
2136 12 5
2137 11 5
2138 14 5
2139 14 5
2140 10 5
2141 10 5
2142 12 9
2143 9 5
2144 16 5
2145 9 5
2146 12 5
2147 12 5
2148 25 5
2149 20 5
2150 15 5
2151 9 5
2152 16 5
2153 9 5
2154 12 5
2155 13 5
2156 14 5
2157 13 5
2158 9 7
2159 14 5
2160 10 5
2161 11 5
2162 9 5
2163 12 5
2164 15 5
2165 12 5
2166 13 5
2167 11 5
2168 11 5
2169 15 5
2170 12 5
2171 23 5
2172 16 5
2173 13 5
2174 16 5
2175 15 5
2176 14 5
2177 31 5
2178 29 5
2179 14 5
2180 14 5
2181 21 5
2182 15 5
2183 19 5
2184 30 5
2185 16 5
2186 8 5
2187 14 5
2188 9 5
2189 18 5
2190 10 5
2191 14 5
2192 13 5
2193 15 5
2194 17 5
2195 19 5
2196 11 5
2197 10 5
2198 42 5
2199 8 5
2200 10 7
2201 10 5
2202 6 5
2203 22 5
2204 18 5
2205 19 5
2206 12 5
2207 11 5
2208 9 5
2209 9 5
2210 14 5
2211 16 5
2212 9 5
2213 12 7
2214 13 5
2215 12 5
2216 11 5
2217 13 5
2218 12 5
2219 9 5
2220 11 5
2221 18 5
2222 11 5
2223 8 5
2224 12 5
2225 10 9
2226 10 5
2227 13 6
2228 15 5
2229 8 5
2230 7 5
2231 23 5
2232 14 5
2233 11 5
2234 14 5
2235 17 5
2236 11 5
2237 13 5
2238 10 5
2239 24 5
2240 16 5
2241 9 5
2242 17 5
2243 20 5
2244 7 5
2245 17 5
2246 13 5
2247 15 5
2248 17 5
2249 23 5
2250 10 5
2251 13 5
2252 13 5
2253 16 5
2254 15 5
2255 15 5
2256 17 5
2257 15 5
2258 14 5
2259 13 5
2260 9 5
2261 16 5
2262 12 5
2263 10 5
2264 22 5
2265 11 5
2266 7 5
2267 21 5
2268 12 7
2269 14 5
2270 18 5
2271 15 5
2272 12 5
2273 15 5
2274 15 5
2275 8 5
2276 31 5
2277 23 5
2278 24 5
2279 23 5
2280 13 5
2281 17 5
2282 16 5
2283 15 5
2284 13 5
2285 24 5
2286 13 5
2287 32 5
2288 11 5
2289 17 5
2290 39 5
2291 16 5
2292 12 5
2293 84 6
2294 58 5
2295 18 5
2296 30 5
2297 23 5
2298 16 5
2299 12 5
2300 13 5
2301 20 5
2302 28 5
2303 20 5
2304 29 5
2305 17 5
2306 20 5
2307 19 5
2308 16 5
2309 21 5
2310 14 5
2311 21 5
2312 14 5
2313 18 5
2314 13 5
2315 15 5
2316 8 5
2317 13 5
2318 7 5
2319 11 5
2320 27 5
2321 12 5
2322 14 5
2323 15 5
2324 14 5
2325 8 5
2326 17 5
2327 14 5
2328 14 5
2329 9 5
2330 7 5
2331 135 5
2332 22 5
2333 31 5
2334 8 5
2335 26 5
2336 16 5
2337 11 5
2338 11 5
2339 11 5
2340 11 5
2341 15 5
2342 11 5
2343 9 5
2344 11 5
2345 12 5
2346 8 5
2347 16 5
2348 15 5
2349 23 5
2350 11 5
2351 13 5
2352 14 5
2353 12 5
2354 11 5
2355 9 5
2356 11 5
2357 13 5
2358 11 5
2359 14 5
2360 13 5
2361 10 5
2362 19 5
2363 8 5
2364 8 5
2365 25 5
2366 25 5
2367 15 5
2368 22 5
2369 11 5
2370 9 5
2371 12 5
2372 14 5
2373 12 5
2374 16 5
2375 11 5
2376 9 5
2377 9 5
2378 15 5
2379 15 5
2380 11 5
2381 14 5
2382 14 5
2383 10 5
2384 17 5
2385 8 5
2386 9 5
2387 21 5
2388 61 5
2389 47 5
2390 19 5
2391 10 5
2392 13 5
2393 16 5
2394 10 5
2395 11 5
2396 15 5
2397 21 5
2398 22 5
2399 9 5
2400 9 5
2401 31 5
2402 12 5
2403 8 5
2404 10 5
2405 14 5
2406 21 5
2407 14 5
2408 11 5
2409 10 5
2410 17 5
2411 12 5
2412 14 5
2413 11 5
2414 15 5
2415 9 5
2416 9 5
2417 16 5
2418 10 5
2419 14 5
2420 19 5
2421 13 5
2422 18 5
2423 12 5
2424 18 5
2425 12 5
2426 19 5
2427 28 5
2428 12 5
2429 18 5
2430 14 5
2431 10 5
2432 11 5
2433 15 5
2434 14 5
2435 13 5
2436 13 5
2437 12 5
2438 19 5
2439 23 5
2440 15 5
2441 12 5
2442 13 5
2443 20 5
2444 11 5
2445 18 5
2446 151 5
2447 14 5
2448 11 5
2449 16 5
2450 20 5
2451 19 5
2452 44 5
2453 30 5
2454 40 5
2455 10 5
2456 27 5
2457 13 5
2458 46 5
2459 20 5
2460 35 5
2461 10 5
2462 10 5
2463 9 5
2464 20 5
2465 12 5
2466 14 5
2467 12 5
2468 22 5
2469 14 5
2470 18 5
2471 15 5
2472 21 5
2473 17 5
2474 21 5
2475 10 5
2476 12 8
2477 34 5
2478 33 5
2479 11 5
2480 17 5
2481 14 5
2482 12 5
2483 13 5
2484 25 5
2485 14 5
2486 12 5
2487 10 5
2488 11 5
2489 18 5
2490 19 5
2491 22 5
2492 15 5
2493 18 5
2494 11 5
2495 13 8
2496 28 5
2497 19 5
2498 9 5
2499 20 5
2500 15 5
2501 16 5
2502 15 8
2503 34 8
2504 13 5
2505 21 5
2506 10 5
2507 18 5
2508 10 5
2509 17 5
2510 10 5
2511 10 5
2512 12 5
2513 14 5
2514 14 5
2515 11 5
2516 10 5
2517 12 5
2518 19 5
2519 21 5
2520 9 5
2521 11 5
2522 13 5
2523 10 5
2524 10 5
2525 13 5
2526 47 5
2527 11 5
2528 50 5
2529 12 5
2530 18 5
2531 21 5
2532 21 5
2533 16 8
2534 11 5
2535 43 5
2536 9 5
2537 45 5
2538 8 5
2539 8 5
2540 13 5
2541 11 5
2542 11 5
2543 17 5
2544 10 5
2545 14 5
2546 10 5
2547 12 5
2548 12 5
2549 39 5
2550 15 10
2551 17 5
2552 14 5
2553 11 5
2554 19 5
2555 12 5
2556 14 5
2557 14 5
2558 17 5
2559 14 5
2560 12 5
2561 15 5
2562 11 5
2563 32 5
2564 9 5
2565 12 5
2566 34 5
2567 9 5
2568 14 5
2569 7 5
2570 11 5
2571 10 5
2572 10 5
2573 16 5
2574 35 5
2575 10 5
2576 13 5
2577 8 5
2578 10 5
2579 9 5
2580 53 5
2581 42 5
2582 11 5
2583 11 5
2584 28 5
2585 13 5
2586 12 5
2587 14 5
2588 28 5
2589 22 5
2590 14 5
2591 29 5
2592 8 8
2593 12 5
2594 13 5
2595 13 5
2596 11 5
2597 14 5
2598 24 5
2599 9 5
2600 15 5
2601 12 7
2602 20 5
2603 23 5
2604 13 5
2605 12 5
2606 27 5
2607 16 5
2608 12 5
2609 16 5
2610 13 5
2611 22 5
2612 15 5
2613 14 5
2614 13 5
2615 17 5
2616 16 5
2617 11 5
2618 9 5
2619 9 5
2620 11 5
2621 18 5
2622 14 5
2623 27 5
2624 13 5
2625 12 5
2626 13 5
2627 16 5
2628 11 5
2629 9 5
2630 8 5
2631 14 5
2632 9 5
2633 9 5
2634 13 5
2635 10 5
2636 14 5
2637 15 5
2638 10 5
2639 9 5
2640 18 5
2641 15 5
2642 17 5
2643 18 5
2644 21 5
2645 19 5
2646 27 5
2647 12 5
2648 8 5
2649 8 5
2650 60 5
2651 9 5
2652 18 5
2653 61 5
2654 10 5
2655 12 5
2656 16 5
2657 13 5
2658 13 5
2659 18 5
2660 17 5
2661 12 7
2662 19 5
2663 19 5
2664 26 5
2665 17 5
2666 14 8
2667 22 5
2668 11 5
2669 21 5
2670 15 8
2671 9 5
2672 7 5
2673 13 5
2674 17 5
2675 16 5
2676 22 5
2677 20 5
2678 28 5
2679 10 5
2680 16 5
2681 11 5
2682 10 5
2683 11 5
2684 10 5
2685 23 5
2686 11 5
2687 14 5
2688 11 5
2689 12 5
2690 13 5
2691 9 5
2692 12 5
2693 7 5
2694 13 5
2695 17 5
2696 13 5
2697 28 5
2698 14 5
2699 18 5
2700 13 5
2701 12 5
2702 17 5
2703 23 5
2704 12 6
2705 19 8
2706 19 5
2707 16 5
2708 22 5
2709 13 5
2710 13 5
2711 18 5
2712 12 5
2713 19 5
2714 10 5
2715 14 5
2716 12 5
2717 18 9
2718 9 8
2719 11 5
2720 14 5
2721 21 5
2722 21 5
2723 13 7
2724 16 5
2725 12 5
2726 16 5
2727 9 5
2728 10 5
2729 11 5
2730 16 5
2731 17 5
2732 11 5
2733 14 5
2734 11 5
2735 9 5
2736 27 5
2737 10 5
2738 15 5
2739 12 5
2740 15 5
2741 13 5
2742 16 5
2743 10 5
2744 14 5
2745 18 5
2746 15 5
2747 14 5
2748 16 5
2749 10 5
2750 14 5
2751 13 5
2752 16 5
2753 11 5
2754 10 5
2755 16 5
2756 14 5
2757 19 5
2758 19 5
2759 15 5
2760 8 5
2761 19 5
2762 13 5
2763 35 5
2764 14 5
2765 14 5
2766 10 5
2767 9 5
2768 9 5
2769 14 5
2770 10 5
2771 26 5
2772 19 5
2773 13 5
2774 14 5
2775 13 5
2776 16 5
2777 11 5
2778 13 5
2779 22 5
2780 10 5
2781 12 5
2782 17 5
2783 16 5
2784 25 5
2785 15 5
2786 17 5
2787 13 5
2788 15 5
2789 14 5
2790 9 5
2791 16 5
2792 14 5
2793 10 5
2794 14 5
2795 25 5
2796 22 5
2797 14 5
2798 11 5
2799 10 5
2800 11 7
2801 13 5
2802 12 5
2803 7 5
2804 7 5
2805 10 5
2806 22 5
2807 15 5
2808 10 5
2809 13 5
2810 22 5
2811 12 5
2812 13 5
2813 17 5
2814 8 7
2815 9 5
2816 10 5
2817 9 5
2818 29 5
2819 13 5
2820 14 5
2821 10 5
2822 11 5
2823 14 5
2824 13 5
2825 12 5
2826 15 5
2827 11 5
2828 12 5
2829 14 5
2830 12 5
2831 15 5
2832 12 5
2833 13 5
2834 24 5
2835 14 5
2836 12 8
2837 12 5
2838 12 5
2839 13 5
2840 15 5
2841 15 5
2842 15 5
2843 16 5
2844 7 7
2845 11 7
2846 14 5
2847 8 5
2848 10 5
2849 8 5
2850 18 5
2851 22 5
2852 9 5
2853 18 5
2854 15 5
2855 8 7
2856 24 5
2857 21 5
2858 12 5
2859 7 5
2860 10 5
2861 9 5
2862 11 5
2863 11 5
2864 15 5
2865 9 5
2866 10 5
2867 9 5
2868 13 5
2869 22 5
2870 9 8
2871 13 5
2872 16 5
2873 11 5
2874 10 5
2875 9 5
2876 37 5
2877 9 5
2878 14 5
2879 7 5
2880 15 5
2881 7 5
2882 9 5
2883 16 5
2884 10 5
2885 18 5
2886 13 5
2887 28 5
2888 16 5
2889 10 5
2890 6 5
2891 29 8
2892 35 5
2893 15 5
2894 11 5
2895 12 5
2896 27 5
2897 14 5
2898 12 5
2899 12 5
2900 21 5
2901 12 5
2902 13 5
2903 12 5
2904 8 5
2905 7 5
2906 12 5
2907 16 5
2908 19 5
2909 18 5
2910 15 5
2911 18 5
2912 12 5
2913 10 5
2914 14 5
2915 11 5
2916 12 5
2917 21 5
2918 25 5
2919 18 5
2920 14 5
2921 13 5
2922 41 5
2923 27 5
2924 33 5
2925 14 5
2926 11 5
2927 12 5
2928 8 5
2929 14 5
2930 7 7
2931 26 5
2932 21 5
2933 21 5
2934 32 5
2935 14 5
2936 40 9
2937 31 5
2938 29 5
2939 21 5
2940 51 5
2941 18 5
2942 12 5
2943 42 5
2944 13 5
2945 8 5
2946 12 5
2947 9 5
2948 9 5
2949 16 5
2950 9 5
2951 19 5
2952 14 5
2953 11 5
2954 24 5
2955 16 5
2956 12 5
2957 10 5
2958 13 5
2959 9 5
2960 10 5
2961 10 5
2962 8 5
2963 8 5
2964 9 5
2965 13 5
2966 11 5
2967 10 5
2968 10 5
2969 12 5
2970 7 5
2971 6 5
2972 16 5
2973 15 5
2974 13 5
2975 20 5
2976 12 5
2977 13 5
2978 10 5
2979 19 5
2980 15 5
2981 11 6
2982 9 5
2983 12 5
2984 9 7
2985 9 5
2986 9 5
2987 13 5
2988 12 5
2989 9 5
2990 22 5
2991 12 5
2992 12 5
2993 11 5
2994 15 5
2995 26 5
2996 19 5
2997 13 5
2998 13 5
2999 12 5
3000 18 5
3001 14 5
3002 11 5
3003 19 5
3004 13 5
3005 17 5
3006 14 5
3007 17 5
3008 11 5
3009 14 5
3010 10 5
3011 10 5
3012 12 5
3013 17 5
3014 14 5
3015 40 5
3016 19 5
3017 47 5
3018 43 5
3019 20 5
3020 10 5
3021 15 5
3022 12 5
3023 12 9
3024 11 5
3025 8 5
3026 15 5
3027 13 5
3028 14 5
3029 12 8
3030 19 5
3031 17 5
3032 13 5
3033 13 5
3034 9 5
3035 10 5
3036 14 5
3037 13 5
3038 23 5
3039 13 5
3040 12 8
3041 10 5
3042 11 8
3043 12 5
3044 14 8
3045 20 5
3046 18 5
3047 17 5
3048 26 5
3049 8 5
3050 14 5
3051 12 5
3052 10 5
3053 11 8
3054 19 5
3055 16 5
3056 20 5
3057 19 5
3058 17 5
3059 19 5
3060 15 5
3061 15 5
3062 16 5
3063 17 5
3064 9 5
3065 12 5
3066 16 5
3067 20 5
3068 14 5
3069 12 5
3070 10 5
3071 13 5
3072 14 5
3073 11 5
3074 15 5
3075 14 5
3076 16 5
3077 16 5
3078 19 5
3079 19 5
3080 19 5
3081 15 5
3082 22 5
3083 11 5
3084 16 5
3085 20 5
3086 9 5
3087 9 5
3088 22 5
3089 17 5
3090 23 5
3091 12 5
3092 24 5
3093 15 5
3094 15 5
3095 14 5
3096 12 5
3097 10 5
3098 15 8
3099 11 5
3100 11 5
3101 10 5
3102 14 5
3103 13 5
3104 14 5
3105 11 5
3106 19 5
3107 16 5
3108 13 5
3109 22 5
3110 9 5
3111 14 5
3112 15 5
3113 26 5
3114 18 5
3115 13 5
3116 22 5
3117 14 5
3118 17 5
3119 11 5
3120 13 5
3121 11 5
3122 13 5
3123 12 5
3124 19 5
3125 11 5
3126 14 5
3127 14 5
3128 14 5
3129 15 5
3130 10 5
3131 10 5
3132 8 5
3133 15 5
3134 12 7
3135 12 5
3136 13 5
3137 13 5
3138 11 5
3139 10 5
3140 13 5
3141 12 5
3142 17 5
3143 15 5
3144 10 5
3145 10 5
3146 12 5
3147 20 5
3148 20 5
3149 18 5
3150 33 5
3151 11 5
3152 15 5
3153 11 5
3154 11 5
3155 14 5
3156 10 5
3157 10 5
3158 11 5
3159 16 5
3160 17 5
3161 14 5
3162 13 5
3163 13 5
3164 11 5
3165 14 5
3166 17 5
3167 20 5
3168 11 5
3169 13 5
3170 14 5
3171 13 5
3172 12 5
3173 11 5
3174 13 7
3175 16 5
3176 29 5
3177 13 5
3178 65 5
3179 69 5
3180 21 5
3181 37 5
3182 7 5
3183 17 8
3184 12 5
3185 12 5
3186 9 5
3187 13 5
3188 21 5
3189 10 5
3190 22 5
3191 14 5
3192 26 5
3193 20 5
3194 17 8
3195 15 8
3196 32 5
3197 12 5
3198 18 5
3199 14 5
3200 8 5
3201 17 5
3202 14 5
3203 19 5
3204 10 5
3205 15 5
3206 11 5
3207 7 5
3208 13 5
3209 11 5
3210 17 5
3211 14 5
3212 14 5
3213 13 5
3214 8 5
3215 10 5
3216 10 5
3217 15 5
3218 14 5
3219 12 5
3220 10 5
3221 11 5
3222 13 5
3223 28 5
3224 13 5
3225 20 5
3226 15 5
3227 12 5
3228 15 5
3229 17 5
3230 8 5
3231 8 5
3232 12 5
3233 10 5
3234 9 5
3235 13 5
3236 12 5
3237 13 5
3238 10 5
3239 13 5
3240 17 5
3241 15 5
3242 9 5
3243 7 5
3244 8 5
3245 12 5
3246 9 5
3247 18 9
3248 18 5
3249 13 5
3250 8 5
3251 11 5
3252 18 5
3253 58 5
3254 8 5
3255 9 5
3256 20 5
3257 19 5
3258 17 5
3259 11 5
3260 22 5
3261 10 5
3262 9 5
3263 12 5
3264 17 5
3265 13 8
3266 16 5
3267 13 5
3268 7 5
3269 14 5
3270 12 5
3271 17 5
3272 12 5
3273 9 5
3274 19 5
3275 8 5
3276 11 5
3277 14 5
3278 12 5
3279 11 5
3280 39 5
3281 10 5
3282 10 5
3283 12 5
3284 10 5
3285 11 5
3286 12 5
3287 15 5
3288 21 5
3289 14 5
3290 21 5
3291 11 5
3292 16 5
3293 13 5
3294 13 5
3295 8 5
3296 12 5
3297 8 5
3298 15 5
3299 21 5
3300 13 5
3301 20 5
3302 15 5
3303 14 5
3304 13 5
3305 16 5
3306 15 5
3307 13 5
3308 13 5
3309 11 5
3310 16 5
3311 12 5
3312 23 5
3313 11 5
3314 11 8
3315 11 5
3316 8 5
3317 8 5
3318 59 7
3319 58 5
3320 59 5
3321 9 5
3322 14 5
3323 12 5
3324 13 8
3325 15 5
3326 12 5
3327 20 5
3328 10 5
3329 17 5
3330 97 5
3331 9 5
3332 13 5
3333 16 5
3334 19 5
3335 11 5
3336 13 5
3337 12 5
3338 17 5
3339 13 5
3340 13 5
3341 14 5
3342 12 5
3343 16 5
3344 24 5
3345 11 5
3346 9 5
3347 13 5
3348 10 5
3349 18 5
3350 15 5
3351 8 5
3352 12 5
3353 19 5
3354 22 5
3355 12 5
3356 22 5
3357 23 5
3358 14 5
3359 14 5
3360 16 5
3361 29 5
3362 15 5
3363 16 5
3364 14 5
3365 21 5
3366 14 5
3367 16 5
3368 8 8
3369 13 5
3370 10 5
3371 13 5
3372 9 5
3373 13 5
3374 20 5
3375 20 5
3376 8 5
3377 15 5
3378 11 5
3379 16 5
3380 12 5
3381 22 5
3382 11 5
3383 19 5
3384 12 5
3385 9 5
3386 9 5
3387 14 5
3388 17 5
3389 14 5
3390 11 5
3391 15 5
3392 13 5
3393 10 5
3394 10 5
3395 13 5
3396 29 5
3397 18 5
3398 16 5
3399 17 5
3400 11 5
3401 15 5
3402 8 5
3403 17 5
3404 15 5
3405 20 5
3406 10 5
3407 13 5
3408 16 5
3409 8 5
3410 11 5
3411 13 5
3412 19 5
3413 11 5
3414 10 5
3415 17 5
3416 16 5
3417 11 5
3418 15 5
3419 9 5
3420 15 5
3421 13 5
3422 9 5
3423 19 5
3424 11 5
3425 22 5
3426 19 5
3427 28 5
3428 13 5
3429 20 5
3430 8 5
3431 27 5
3432 17 5
3433 15 5
3434 15 5
3435 19 5
3436 13 5
3437 12 5
3438 11 5
3439 15 5
3440 19 5
3441 18 5
3442 14 5
3443 10 5
3444 11 5
3445 11 5
3446 12 5
3447 19 5
3448 14 8
3449 16 5
3450 9 5
3451 10 5
3452 14 5
3453 14 5
3454 14 5
3455 14 5
3456 9 5
3457 15 5
3458 12 5
3459 9 5
3460 10 5
3461 21 5
3462 20 5
3463 15 5
3464 25 5
3465 9 5
3466 20 5
3467 33 5
3468 11 5
3469 13 5
3470 10 5
3471 15 5
3472 8 5
3473 15 5
3474 15 5
3475 14 5
3476 14 5
3477 21 5
3478 16 5
3479 7 5
3480 8 5
3481 10 5
3482 12 5
3483 16 5
3484 17 5
3485 17 5
3486 10 5
3487 9 5
3488 11 5
3489 10 5
3490 9 5
3491 10 5
3492 24 5
3493 18 5
3494 11 5
3495 15 5
3496 11 5
3497 11 5
3498 13 5
3499 9 5
3500 8 5
3501 19 5
3502 11 5
3503 12 5
3504 28 5
3505 22 5
3506 9 5
3507 10 5
3508 9 5
3509 10 5
3510 9 5
3511 9 8
3512 11 5
3513 10 5
3514 13 5
3515 8 5
3516 11 5
3517 22 5
3518 19 5
3519 28 5
3520 14 5
3521 35 5
3522 27 5
3523 15 5
3524 30 5
3525 12 5
3526 10 5
3527 17 5
3528 9 5
3529 10 5
3530 13 5
3531 9 5
3532 28 5
3533 14 5
3534 13 5
3535 13 5
3536 12 10
3537 11 5
3538 12 5
3539 17 5
3540 9 5
3541 10 5
3542 13 8
3543 9 5
3544 15 5
3545 12 5
3546 22 5
3547 18 5
3548 14 5
3549 11 5
3550 15 5
3551 9 5
3552 20 5
3553 10 5
3554 12 5
3555 12 5
3556 9 5
3557 9 5
3558 17 5
3559 10 5
3560 13 9
3561 7 5
3562 16 5
3563 12 5
3564 11 5
3565 9 5
3566 9 5
3567 12 5
3568 9 5
3569 11 5
3570 12 5
3571 17 5
3572 11 5
3573 13 5
3574 14 5
3575 27 5
3576 23 5
3577 20 5
3578 11 5
3579 20 5
3580 18 5
3581 9 5
3582 10 5
3583 17 5
3584 15 5
3585 12 5
3586 15 5
3587 12 5
3588 12 5
3589 11 5
3590 19 5
3591 12 5
3592 13 5
3593 16 5
3594 15 5
3595 9 5
3596 11 5
3597 14 5
3598 14 5
3599 12 5
3600 14 5
3601 44 5
3602 46 5
3603 43 5
3604 25 5
3605 51 5
3606 14 5
3607 12 5
3608 15 5
3609 15 5
3610 12 5
3611 9 5
3612 12 5
3613 7 5
3614 13 5
3615 16 5
3616 11 5
3617 18 5
3618 14 5
3619 12 5
3620 18 5
3621 8 5
3622 13 5
3623 13 5
3624 18 5
3625 13 5
3626 12 5
3627 12 5
3628 17 5
3629 29 5
3630 27 5
3631 8 5
3632 16 5
3633 18 5
3634 12 5
3635 10 5
3636 9 5
3637 9 8
3638 17 5
3639 32 5
3640 22 5
3641 29 5
3642 7 6
3643 7 5
3644 8 5
3645 13 5
3646 10 5
3647 10 5
3648 15 5
3649 18 5
3650 8 5
3651 13 5
3652 12 5
3653 19 5
3654 10 7
3655 13 5
3656 10 5
3657 11 5
3658 11 5
3659 21 5
3660 13 5
3661 27 5
3662 21 5
3663 26 5
3664 17 5
3665 19 5
3666 10 5
3667 12 5
3668 9 5
3669 11 5
3670 21 5
3671 14 5
3672 13 5
3673 13 5
3674 10 5
3675 21 5
3676 13 8
3677 21 5
3678 10 5
3679 13 5
3680 10 5
3681 12 5
3682 9 5
3683 58 8
3684 11 5
3685 59 5
3686 17 5
3687 10 5
3688 14 5
3689 13 5
3690 8 5
3691 42 5
3692 35 5
3693 13 5
3694 9 5
3695 9 5
3696 12 5
3697 18 5
3698 13 5
3699 14 5
3700 20 5
3701 9 5
3702 10 5
3703 13 5
3704 46 5
3705 10 5
3706 8 5
3707 19 5
3708 13 5
3709 16 5
3710 14 5
3711 12 5
3712 9 5
3713 9 5
3714 11 5
3715 13 5
3716 17 5
3717 21 5
3718 11 5
3719 12 5
3720 13 5
3721 8 5
3722 8 5
3723 18 5
3724 13 5
3725 11 7
3726 19 5
3727 8 5
3728 10 5
3729 14 5
3730 17 5
3731 10 5
3732 11 5
3733 14 5
3734 12 5
3735 9 7
3736 12 5
3737 11 5
3738 12 5
3739 10 5
3740 13 5
3741 13 5
3742 17 5
3743 10 5
3744 15 5
3745 12 5
3746 13 5
3747 8 5
3748 7 5
3749 16 5
3750 9 5
3751 14 5
3752 17 5
3753 22 5
3754 18 5
3755 35 5
3756 14 5
3757 16 5
3758 9 5
3759 15 5
3760 8 5
3761 12 5
3762 33 5
3763 13 5
3764 41 5
3765 17 5
3766 15 5
3767 12 5
3768 14 5
3769 13 5
3770 12 5
3771 15 5
3772 15 5
3773 11 5
3774 33 5
3775 40 5
3776 32 5
3777 38 5
3778 9 5
3779 12 5
3780 10 5
3781 11 5
3782 12 5
3783 13 5
3784 8 5
3785 13 5
3786 10 5
3787 22 5
3788 19 5
3789 13 8
3790 20 5
3791 12 5
3792 15 5
3793 15 5
3794 14 5
3795 17 5
3796 19 5
3797 16 5
3798 19 5
3799 18 5
3800 13 5
3801 15 5
3802 14 5
3803 11 5
3804 14 5
3805 12 5
3806 11 5
3807 12 5
3808 13 5
3809 24 5
3810 15 8
3811 18 5
3812 25 5
3813 11 5
3814 19 5
3815 13 5
3816 10 8
3817 19 5
3818 11 5
3819 11 5
3820 17 5
3821 11 5
3822 12 5
3823 13 5
3824 11 5
3825 16 5
3826 13 5
3827 11 5
3828 12 5
3829 14 5
3830 15 5
3831 18 5
3832 9 5
3833 7 5
3834 14 5
3835 13 5
3836 14 5
3837 7 5
3838 15 5
3839 10 5
3840 15 5
3841 9 5
3842 13 5
3843 7 7
3844 24 5
3845 17 5
3846 19 5
3847 9 5
3848 11 5
3849 15 5
3850 10 5
3851 15 5
3852 13 5
3853 14 5
3854 10 5
3855 10 5
3856 13 5
3857 10 5
3858 10 5
3859 11 5
3860 12 5
3861 18 5
3862 28 5
3863 15 5
3864 15 5
3865 14 5
3866 13 5
3867 15 5
3868 14 5
3869 17 5
3870 21 5
3871 8 5
3872 18 5
3873 10 5
3874 12 5
3875 9 5
3876 11 5
3877 9 5
3878 11 5
3879 9 5
3880 13 5
3881 16 5
3882 15 5
3883 14 5
3884 7 5
3885 12 5
3886 14 5
3887 15 5
3888 15 5
3889 9 5
3890 13 5
3891 9 5
3892 8 5
3893 12 5
3894 21 5
3895 15 5
3896 16 5
3897 10 5
3898 13 5
3899 14 5
3900 11 5
3901 12 5
3902 12 5
3903 10 5
3904 14 8
3905 13 5
3906 11 5
3907 8 5
3908 13 5
3909 11 5
3910 56 5
3911 61 7
3912 16 5
3913 10 5
3914 9 5
3915 9 5
3916 12 5
3917 11 5
3918 8 5
3919 19 5
3920 25 5
3921 9 5
3922 7 5
3923 22 5
3924 13 5
3925 15 5
3926 10 5
3927 9 5
3928 9 5
3929 11 5
3930 10 5
3931 94 5
3932 14 5
3933 12 5
3934 13 5
3935 12 5
3936 12 5
3937 10 5
3938 11 7
3939 9 5
3940 19 5
3941 22 5
3942 12 5
3943 15 5
3944 15 5
3945 11 5
3946 33 5
3947 14 5
3948 15 5
3949 13 5
3950 9 5
3951 12 8
3952 13 5
3953 10 5
3954 10 5
3955 10 5
3956 20 5
3957 12 5
3958 10 5
3959 10 5
3960 9 5
3961 10 5
3962 15 5
3963 22 5
3964 14 5
3965 14 5
3966 17 5
3967 14 5
3968 17 5
3969 16 5
3970 18 5
3971 11 5
3972 14 5
3973 19 5
3974 20 5
3975 16 5
3976 12 5
3977 13 5
3978 8 5
3979 11 5
3980 8 5
3981 13 5
3982 16 5
3983 29 5
3984 20 5
3985 10 5
3986 20 5
3987 20 5
3988 14 5
3989 10 5
3990 9 7
3991 12 5
3992 12 5
3993 13 5
3994 16 5
3995 15 5
3996 17 5
3997 12 5
3998 16 5
3999 17 5
4000 11 5
4001 33 5
4002 9 5
4003 10 5
4004 28 5
4005 12 5
4006 28 5
4007 23 5
4008 17 5
4009 22 5
4010 25 5
4011 24 5
4012 35 5
4013 19 5
4014 13 5
4015 14 5
4016 41 5
4017 15 5
4018 10 5
4019 11 5
4020 21 5
4021 14 9
4022 20 5
4023 16 5
4024 18 5
4025 16 5
4026 13 8
4027 13 8
4028 19 5
4029 9 5
4030 11 5
4031 12 5
4032 11 5
4033 10 7
4034 18 5
4035 14 5
4036 11 5
4037 20 5
4038 13 5
4039 12 5
4040 15 5
4041 20 9
4042 17 5
4043 13 5
4044 12 5
4045 11 5
4046 13 5
4047 7 5
4048 13 5
4049 8 5
4050 14 5
4051 15 5
4052 12 5
4053 12 5
4054 15 5
4055 8 5
4056 18 5
4057 16 5
4058 13 5
4059 8 5
4060 18 5
4061 16 5
4062 12 5
4063 16 5
4064 15 5
4065 8 5
4066 7 5
4067 8 5
4068 8 5
4069 8 5
4070 13 5
4071 8 5
4072 19 5
4073 7 5
4074 9 5
4075 13 5
4076 9 5
4077 14 5
4078 27 5
4079 21 5
4080 12 5
4081 15 5
4082 9 5
4083 19 5
4084 20 5
4085 16 5
4086 10 5
4087 11 5
4088 9 5
4089 20 5
4090 23 5
4091 17 5
4092 14 5
4093 17 5
4094 31 5
4095 15 5
4096 15 5
4097 15 5
4098 11 5
4099 10 5
4100 12 5
4101 14 5
4102 9 5
4103 11 5
4104 10 5
4105 11 5
4106 13 5
4107 10 5
4108 10 5
4109 15 5
4110 12 5
4111 38 5
4112 23 5
4113 10 5
4114 24 5
4115 13 5
4116 42 5
4117 45 5
4118 13 5
4119 15 5
4120 12 5
4121 13 5
4122 9 8
4123 21 5
4124 9 5
4125 13 5
4126 9 5
4127 16 5
4128 14 5
4129 15 9
4130 28 5
4131 10 5
4132 18 5
4133 9 5
4134 14 5
4135 12 5
4136 18 5
4137 14 5
4138 25 5
4139 14 5
4140 12 5
4141 13 5
4142 13 5
4143 19 8
4144 13 5
4145 15 5
4146 10 5
4147 14 5
4148 11 5
4149 13 5
4150 10 5
4151 48 5
4152 9 5
4153 21 5
4154 23 5
4155 11 5
4156 10 5
4157 45 5
4158 8 5
4159 8 5
4160 10 7
4161 14 5
4162 12 8
4163 16 5
4164 14 5
4165 14 5
4166 12 5
4167 17 5
4168 8 5
4169 11 5
4170 52 5
4171 9 5
4172 54 5
4173 13 5
4174 9 5
4175 15 5
4176 12 5
4177 12 5
4178 11 5
4179 44 5
4180 13 5
4181 12 5
4182 17 5
4183 15 5
4184 16 5
4185 11 5
4186 12 5
4187 13 5
4188 13 5
4189 18 5
4190 15 5
4191 23 5
4192 15 5
4193 18 5
4194 17 5
4195 17 5
4196 10 5
4197 13 5
4198 8 5
4199 13 5
4200 15 5
4201 17 5
4202 19 5
4203 16 5
4204 12 5
4205 13 5
4206 12 8
4207 12 5
4208 12 5
4209 10 5
4210 17 5
4211 9 6
4212 12 5
4213 11 7
4214 7 5
4215 10 5
4216 60 5
4217 8 5
4218 10 5
4219 12 5
4220 11 5
4221 13 5
4222 7 5
4223 15 5
4224 8 5
4225 8 5
4226 10 5
4227 12 5
4228 11 5
4229 24 5
4230 11 5
4231 11 5
4232 11 5
4233 9 5
4234 8 5
4235 10 5
4236 10 7
4237 18 5
4238 9 5
4239 11 5
4240 13 5
4241 10 5
4242 12 5
4243 9 5
4244 9 5
4245 14 5
4246 19 5
4247 16 5
4248 14 5
4249 31 5
4250 20 5
4251 11 5
4252 16 5
4253 18 5
4254 20 5
4255 7 12
4256 10 12
4257 16 5
4258 9 5
4259 32 5
4260 43 5
4261 12 5
4262 15 5
4263 15 5
4264 12 5
4265 17 5
4266 12 5
4267 9 5
4268 7 5
4269 8 5
4270 27 5
4271 11 5
4272 22 5
4273 11 5
4274 14 5
4275 18 5
4276 50 5
4277 9 5
4278 21 5
4279 27 5
4280 15 5
4281 11 5
4282 8 5
4283 8 5
4284 11 5
4285 16 5
4286 8 5
4287 9 5
4288 11 5
4289 15 5
4290 13 5
4291 12 5
4292 14 5
4293 9 5
4294 11 5
4295 11 5
4296 12 5
4297 17 5
4298 14 5
4299 16 5
4300 16 5
4301 12 5
4302 8 5
4303 11 5
4304 17 5
4305 15 5
4306 14 5
4307 15 5
4308 15 5
4309 14 5
4310 13 5
4311 10 5
4312 23 5
4313 10 5
4314 14 5
4315 36 5
4316 14 5
4317 14 5
4318 29 5
4319 16 5
4320 14 5
4321 17 5
4322 10 5
4323 16 5
4324 13 5
4325 23 5
4326 16 8
4327 20 5
4328 16 5
4329 17 5
4330 18 5
4331 15 5
4332 13 5
4333 12 5
4334 8 5
4335 11 5
4336 37 5
4337 41 5
4338 10 5
4339 11 5
4340 15 5
4341 11 5
4342 17 5
4343 22 5
4344 13 5
4345 13 5
4346 11 5
4347 12 5
4348 12 5
4349 23 5
4350 15 5
4351 14 5
4352 17 5
4353 20 5
4354 17 5
4355 11 5
4356 11 5
4357 17 5
4358 8 5
4359 11 5
4360 12 5
4361 19 5
4362 12 5
4363 27 5
4364 23 5
4365 14 7
4366 14 5
4367 8 5
4368 11 5
4369 19 5
4370 16 5
4371 9 5
4372 15 5
4373 18 5
4374 29 5
4375 10 5
4376 16 5
4377 7 5
4378 12 5
4379 10 5
4380 13 5
4381 18 5
4382 17 5
4383 18 5
4384 7 5
4385 23 5
4386 14 5
4387 12 5
4388 13 5
4389 11 5
4390 16 5
4391 13 5
4392 12 5
4393 37 5
4394 14 5
4395 15 5
4396 16 5
4397 14 5
4398 8 7
4399 20 5
4400 9 8
4401 16 5
4402 16 5
4403 13 5
4404 25 5
4405 31 5
4406 26 5
4407 14 5
4408 16 5
4409 17 5
4410 9 5
4411 41 5
4412 21 8
4413 12 5
4414 16 5
4415 11 8
4416 15 5
4417 19 5
4418 6 5
4419 10 5
4420 12 5
4421 13 5
4422 9 5
4423 8 5
4424 17 5
4425 14 5
4426 28 5
4427 12 5
4428 10 5
4429 10 5
4430 12 5
4431 9 5
4432 14 5
4433 10 5
4434 8 5
4435 12 5
4436 12 5
4437 9 5
4438 27 5
4439 11 5
4440 13 5
4441 11 5
4442 9 5
4443 11 5
4444 16 5
4445 13 5
4446 14 5
4447 19 5
4448 11 5
4449 13 5
4450 11 5
4451 11 5
4452 10 5
4453 11 5
4454 21 5
4455 13 5
4456 19 5
4457 16 5
4458 12 5
4459 11 5
4460 10 5
4461 14 5
4462 9 5
4463 9 5
4464 14 5
4465 17 5
4466 13 5
4467 9 5
4468 9 5
4469 9 5
4470 14 5
4471 15 5
4472 15 5
4473 16 5
4474 16 5
4475 9 5
4476 12 8
4477 14 5
4478 10 5
4479 16 5
4480 14 5
4481 21 5
4482 16 5
4483 10 5
4484 18 5
4485 10 5
4486 15 5
4487 8 5
4488 10 5
4489 9 5
4490 15 5
4491 20 5
4492 12 5
4493 8 5
4494 27 5
4495 20 5
4496 11 5
4497 16 5
4498 9 5
4499 14 5
4500 10 5
4501 15 5
4502 16 7
4503 8 5
4504 11 5
4505 16 5
4506 14 5
4507 18 5
4508 12 5
4509 12 8
4510 12 8
4511 17 5
4512 13 5
4513 12 5
4514 15 5
4515 25 5
4516 13 5
4517 14 5
4518 11 5
4519 11 5
4520 8 5
4521 12 5
4522 10 5
4523 11 5
4524 19 5
4525 12 5
4526 13 5
4527 10 5
4528 14 5
4529 8 5
4530 9 5
4531 18 5
4532 22 5
4533 13 5
4534 14 5
4535 11 5
4536 13 5
4537 13 5
4538 15 5
4539 18 5
4540 9 5
4541 19 5
4542 13 5
4543 11 5
4544 17 5
4545 11 5
4546 14 5
4547 13 5
4548 14 5
4549 12 5
4550 11 5
4551 10 5
4552 15 5
4553 14 5
4554 45 5
4555 7 5
4556 12 5
4557 11 5
4558 10 5
4559 10 5
4560 11 5
4561 13 5
4562 14 5
4563 19 5
4564 29 5
4565 9 5
4566 12 5
4567 15 5
4568 22 5
4569 13 5
4570 11 5
4571 12 5
4572 8 5
4573 68 5
4574 24 5
4575 41 5
4576 10 5
4577 11 5
4578 10 8
4579 16 5
4580 14 5
4581 6 5
4582 9 5
4583 12 5
4584 10 5
4585 18 5
4586 10 5
4587 13 5
4588 14 5
4589 25 5
4590 14 5
4591 14 5
4592 17 5
4593 8 5
4594 8 5
4595 23 5
4596 11 5
4597 10 5
4598 16 5
4599 10 5
4600 7 5
4601 11 5
4602 22 5
4603 21 5
4604 16 7
4605 18 5
4606 22 5
4607 14 5
4608 20 5
4609 19 5
4610 10 5
4611 8 5
4612 9 5
4613 9 5
4614 12 5
4615 10 5
4616 11 5
4617 12 5
4618 13 5
4619 12 5
4620 21 5
4621 15 5
4622 14 5
4623 9 5
4624 12 5
4625 8 5
4626 19 5
4627 10 5
4628 11 5
4629 18 5
4630 18 5
4631 10 5
4632 56 5
4633 8 5
4634 16 5
4635 10 5
4636 9 5
4637 17 5
4638 8 5
4639 21 5
4640 10 5
4641 8 5
4642 14 5
4643 13 9
4644 10 5
4645 9 5
4646 18 9
4647 7 9
4648 7 5
4649 11 5
4650 9 5
4651 12 5
4652 10 5
4653 22 5
4654 20 5
4655 16 5
4656 9 5
4657 13 5
4658 11 5
4659 9 5
4660 20 5
4661 9 5
4662 16 5
4663 22 5
4664 10 5
4665 9 5
4666 12 5
4667 11 5
4668 12 5
4669 16 8
4670 10 5
4671 10 5
4672 11 5
4673 14 5
4674 10 5
4675 13 5
4676 17 5
4677 10 5
4678 13 5
4679 9 5
4680 13 5
4681 11 5
4682 13 5
4683 9 5
4684 9 5
4685 14 5
4686 14 5
4687 7 5
4688 19 5
4689 11 5
4690 9 5
4691 7 5
4692 22 5
4693 13 5
4694 9 5
4695 10 5
4696 26 5
4697 12 5
4698 10 5
4699 26 5
4700 12 5
4701 11 5
4702 10 5
4703 13 5
4704 16 5
4705 19 5
4706 27 5
4707 14 5
4708 10 5
4709 23 5
4710 17 5
4711 13 5
4712 18 5
4713 11 5
4714 8 5
4715 12 5
4716 9 5
4717 9 5
4718 10 5
4719 10 5
4720 12 5
4721 16 5
4722 11 5
4723 12 5
4724 57 8
4725 16 5
4726 23 5
4727 14 5
4728 13 7
4729 11 5
4730 7 5
4731 13 5
4732 13 5
4733 13 7
4734 8 5
4735 15 5
4736 9 5
4737 15 5
4738 9 5
4739 9 5
4740 11 5
4741 9 5
4742 18 5
4743 18 5
4744 13 5
4745 14 5
4746 20 5
4747 10 5
4748 18 5
4749 7 5
4750 9 5
4751 14 5
4752 9 5
4753 8 5
4754 7 5
4755 21 5
4756 14 5
4757 10 5
4758 8 5
4759 11 5
4760 10 5
4761 14 5
4762 15 5
4763 23 5
4764 12 5
4765 20 5
4766 15 5
4767 9 7
4768 18 5
4769 20 5
4770 9 5
4771 18 5
4772 10 5
4773 8 5
4774 17 5
4775 10 5
4776 10 5
4777 21 5
4778 11 5
4779 9 5
4780 10 5
4781 17 5
4782 22 5
4783 13 5
4784 20 5
4785 7 5
4786 19 5
4787 12 5
4788 13 5
4789 23 5
4790 30 5
4791 25 5
4792 14 5
4793 18 5
4794 13 5
4795 13 5
4796 13 5
4797 35 5
4798 7 5
4799 9 5
4800 6 5
4801 10 5
4802 13 8
4803 14 5
4804 13 7
4805 11 5
4806 14 5
4807 22 5
4808 12 5
4809 24 5
4810 11 5
4811 11 5
4812 11 5
4813 21 5
4814 13 5
4815 14 5
4816 17 5
4817 10 5
4818 14 5
4819 12 5
4820 12 5
4821 13 5
4822 18 5
4823 17 5
4824 11 5
4825 14 5
4826 15 5
4827 13 5
4828 14 5
4829 15 5
4830 17 5
4831 8 11
4832 29 5
4833 17 5
4834 11 5
4835 8 5
4836 19 5
4837 14 5
4838 10 5
4839 19 5
4840 20 5
4841 10 8
4842 8 5
4843 18 5
4844 33 5
4845 9 5
4846 24 5
4847 30 5
4848 9 5
4849 32 5
4850 11 5
4851 9 5
4852 9 5
4853 8 5
4854 7 5
4855 19 5
4856 14 5
4857 16 5
4858 17 5
4859 16 5
4860 14 5
4861 12 5
4862 14 5
4863 15 5
4864 26 5
4865 29 5
4866 14 5
4867 8 5
4868 12 5
4869 13 9
4870 11 8
4871 18 5
4872 14 5
4873 9 5
4874 17 5
4875 8 5
4876 19 5
4877 14 5
4878 9 5
4879 20 5
4880 15 5
4881 16 5
4882 13 5
4883 12 5
4884 13 5
4885 13 5
4886 15 5
4887 12 5
4888 13 5
4889 18 5
4890 15 5
4891 14 5
4892 9 5
4893 12 5
4894 11 5
4895 10 5
4896 10 5
4897 21 5
4898 19 5
4899 15 5
4900 13 5
4901 9 5
4902 8 5
4903 8 5
4904 16 5
4905 14 5
4906 14 5
4907 19 5
4908 13 5
4909 12 5
4910 15 5
4911 11 5
4912 17 5
4913 15 5
4914 15 5
4915 10 5
4916 11 5
4917 11 5
4918 12 7
4919 11 5
4920 13 5
4921 12 5
4922 16 5
4923 20 5
4924 19 5
4925 22 5
4926 14 5
4927 13 7
4928 12 5
4929 14 5
4930 12 5
4931 18 5
4932 22 5
4933 12 5
4934 16 5
4935 19 5
4936 23 5
4937 19 5
4938 20 5
4939 12 5
4940 14 5
4941 14 5
4942 13 8
4943 10 5
4944 12 5
4945 23 5
4946 15 5
4947 21 5
4948 10 5
4949 22 5
4950 13 5
4951 17 5
4952 10 5
4953 9 5
4954 15 5
4955 15 5
4956 9 5
4957 11 5
4958 11 5
4959 14 5
4960 13 5
4961 9 5
4962 16 8
4963 15 5
4964 17 5
4965 17 5
4966 14 5
4967 14 5
4968 10 5
4969 8 5
4970 15 5
4971 15 5
4972 15 5
4973 16 5
4974 21 5
4975 15 5
4976 14 5
4977 14 5
4978 7 5
4979 15 5
4980 18 5
4981 7 5
4982 14 5
4983 35 5
4984 43 5
4985 16 5
4986 12 5
4987 22 5
4988 8 5
4989 13 5
4990 9 5
4991 9 5
4992 10 5
4993 20 5
4994 13 5
4995 16 5
4996 17 5
4997 13 5
4998 20 5
4999 18 8
5000 11 5
5001 11 5
5002 16 5
5003 15 5
5004 11 5
5005 15 5
5006 9 5
5007 26 5
5008 22 5
5009 13 5
5010 24 5
5011 14 5
5012 17 5
5013 32 5
5014 21 5
5015 18 5
5016 10 5
5017 12 5
5018 19 5
5019 12 5
5020 12 5
5021 21 5
5022 9 5
5023 7 5
5024 12 5
5025 15 5
5026 17 5
5027 23 5
5028 15 5
5029 9 5
5030 7 5
5031 9 8
5032 8 5
5033 11 5
5034 16 5
5035 15 5
5036 13 5
5037 12 5
5038 14 5
5039 15 5
5040 18 5
5041 13 5
5042 17 5
5043 23 5
5044 20 5
5045 10 5
5046 14 5
5047 8 5
5048 8 5
5049 8 5
5050 9 5
5051 17 5
5052 12 10
5053 19 5
5054 9 5
5055 12 5
5056 8 5
5057 44 5
5058 8 5
5059 12 5
5060 14 5
5061 19 5
5062 12 5
5063 15 5
5064 22 5
5065 8 5
5066 11 5
5067 12 5
5068 10 5
5069 11 5
5070 13 5
5071 24 5
5072 20 8
5073 19 5
5074 8 5
5075 9 5
5076 8 5
5077 26 5
5078 9 5
5079 11 5
5080 13 5
5081 15 5
5082 13 5
5083 8 5
5084 11 5
5085 23 5
5086 35 5
5087 13 5
5088 9 5
5089 29 5
5090 40 5
5091 38 5
5092 13 5
5093 20 5
5094 25 5
5095 16 5
5096 11 5
5097 18 5
5098 10 5
5099 19 5
5100 10 5
5101 12 5
5102 11 5
5103 22 5
5104 19 5
5105 11 5
5106 11 5
5107 9 5
5108 15 5
5109 13 5
5110 37 5
5111 14 5
5112 15 5
5113 10 5
5114 11 5
5115 10 5
5116 14 5
5117 14 5
5118 11 5
5119 9 5
5120 11 5
5121 12 7
5122 9 5
5123 24 5
5124 14 5
5125 8 5
5126 16 5
5127 14 5
5128 21 5
5129 11 5
5130 15 5
5131 10 5
5132 15 5
5133 12 5
5134 15 5
5135 18 5
5136 15 5
5137 13 5
5138 17 5
5139 44 5
5140 22 5
5141 26 5
5142 19 5
5143 19 5
5144 21 5
5145 29 5
5146 10 5
5147 23 5
5148 14 5
5149 33 5
5150 11 5
5151 12 5
5152 16 5
5153 10 5
5154 10 5
5155 21 5
5156 11 5
5157 14 5
5158 15 5
5159 13 5
5160 14 5
5161 20 5
5162 10 5
5163 10 5
5164 22 5
5165 15 5
5166 12 5
5167 12 5
5168 10 5
5169 12 5
5170 25 5
5171 9 6
5172 13 5
5173 10 5
5174 13 5
5175 12 8
5176 11 5
5177 11 5
5178 17 5
5179 16 5
5180 16 5
5181 13 5
5182 11 5
5183 9 5
5184 10 5
5185 14 5
5186 11 5
5187 17 5
5188 17 5
5189 9 5
5190 13 5
5191 25 5
5192 13 5
5193 15 9
5194 16 5
5195 9 5
5196 9 5
5197 14 5
5198 7 7
5199 11 5
5200 23 5
5201 15 5
5202 13 5
5203 10 5
5204 10 8
5205 10 5
5206 14 5
5207 12 8
5208 10 5
5209 14 5
5210 13 5
5211 12 5
5212 11 5
5213 14 5
5214 18 5
5215 8 9
5216 13 5
5217 11 5
5218 15 5
5219 17 5
5220 17 5
5221 14 5
5222 11 5
5223 13 5
5224 12 5
5225 14 5
5226 18 5
5227 14 5
5228 23 5
5229 13 5
5230 17 5
5231 22 5
5232 15 5
5233 10 5
5234 14 5
5235 9 5
5236 10 5
5237 11 5
5238 14 5
5239 12 5
5240 14 5
5241 11 5
5242 12 5
5243 10 5
5244 16 5
5245 13 7
5246 12 5
5247 8 5
5248 20 5
5249 14 5
5250 11 5
5251 14 5
5252 12 7
5253 9 5
5254 9 5
5255 9 5
5256 18 5
5257 10 5
5258 9 5
5259 21 5
5260 17 5
5261 17 5
5262 9 5
5263 17 5
5264 14 5
5265 14 9
5266 8 5
5267 10 9
5268 9 5
5269 11 5
5270 12 5
5271 13 5
5272 12 5
5273 13 5
5274 9 5
5275 12 5
5276 16 5
5277 21 5
5278 19 5
5279 7 5
5280 10 5
5281 9 5
5282 20 5
5283 12 5
5284 19 5
5285 13 5
5286 10 5
5287 7 5
5288 26 5
5289 21 5
5290 15 5
5291 13 5
5292 15 5
5293 11 5
5294 9 5
5295 13 5
5296 16 5
5297 14 5
5298 11 9
5299 12 5
5300 14 5
5301 13 5
5302 13 5
5303 19 5
5304 16 5
5305 15 5
5306 11 9
5307 13 5
5308 11 5
5309 12 8
5310 16 5
5311 27 5
5312 7 5
5313 9 5
5314 22 5
5315 12 5
5316 18 5
5317 13 5
5318 14 5
5319 18 5
5320 11 5
5321 13 8
5322 14 5
5323 11 5
5324 24 5
5325 15 5
5326 11 5
5327 13 5
5328 9 5
5329 14 5
5330 19 5
5331 16 5
5332 10 5
5333 15 5
5334 14 5
5335 11 5
5336 10 5
5337 10 5
5338 12 5
5339 26 5
5340 12 5
5341 15 5
5342 20 5
5343 9 5
5344 9 5
5345 8 5
5346 13 5
5347 18 5
5348 15 5
5349 11 5
5350 22 5
5351 17 5
5352 9 5
5353 11 5
5354 10 5
5355 9 5
5356 10 5
5357 9 5
5358 19 5
5359 10 5
5360 21 5
5361 10 5
5362 15 5
5363 13 5
5364 16 5
5365 23 5
5366 10 5
5367 17 5
5368 10 5
5369 10 5
5370 8 5
5371 14 5
5372 13 5
5373 21 5
5374 14 5
5375 13 5
5376 10 5
5377 16 8
5378 15 5
5379 9 5
5380 9 5
5381 26 5
5382 15 5
5383 17 5
5384 8 5
5385 13 5
5386 10 5
5387 13 5
5388 19 5
5389 16 5
5390 13 5
5391 15 5
5392 17 5
5393 12 5
5394 12 5
5395 23 5
5396 25 5
5397 12 5
5398 13 5
5399 16 5
5400 9 5
5401 10 8
5402 13 5
5403 11 5
5404 12 5
5405 11 5
5406 12 8
5407 21 8
5408 14 5
5409 13 5
5410 26 5
5411 32 5
5412 35 5
5413 20 5
5414 32 5
5415 24 5
5416 25 5
5417 14 5
5418 8 5
5419 9 5
5420 16 5
5421 20 5
5422 13 5
5423 11 5
5424 12 5
5425 13 5
5426 18 5
5427 12 5
5428 22 5
5429 11 5
5430 13 9
5431 8 5
5432 18 5
5433 10 8
5434 15 8
5435 10 5
5436 9 5
5437 21 5
5438 13 5
5439 18 5
5440 9 5
5441 19 5
5442 20 5
5443 9 7
5444 23 5
5445 19 5
5446 12 5
5447 13 5
5448 12 5
5449 10 5
5450 25 5
5451 16 5
5452 25 5
5453 17 5
5454 16 5
5455 12 5
5456 13 5
5457 12 8
5458 15 5
5459 14 5
5460 12 5
5461 14 5
5462 19 5
5463 15 5
5464 21 5
5465 16 5
5466 14 5
5467 16 5
5468 17 5
5469 10 5
5470 12 5
5471 10 5
5472 11 5
5473 22 5
5474 13 5
5475 9 5
5476 58 5
5477 22 5
5478 14 5
5479 15 5
5480 11 5
5481 11 5
5482 12 5
5483 14 5
5484 12 8
5485 18 5
5486 18 5
5487 9 5
5488 8 5
5489 7 5
5490 10 5
5491 14 5
5492 11 5
5493 9 7
5494 12 5
5495 17 5
5496 10 5
5497 18 5
5498 18 5
5499 21 5
5500 14 5
5501 21 5
5502 19 5
5503 15 5
5504 13 5
5505 14 5
5506 17 5
5507 28 5
5508 18 5
5509 9 5
5510 9 5
5511 18 5
5512 12 5
5513 15 5
5514 14 5
5515 10 5
5516 14 5
5517 13 5
5518 15 5
5519 10 5
5520 15 5
5521 14 5
5522 25 5
5523 13 5
5524 10 5
5525 13 5
5526 7 5
5527 8 5
5528 9 5
5529 47 5
5530 11 5
5531 33 5
5532 9 5
5533 10 5
5534 10 5
5535 11 5
5536 14 5
5537 12 5
5538 15 5
5539 13 5
5540 19 5
5541 9 5
5542 18 5
5543 15 5
5544 11 5
5545 9 5
5546 21 5
5547 10 5
5548 13 5
5549 17 5
5550 12 5
5551 16 5
5552 14 5
5553 15 5
5554 12 8
5555 13 7
5556 26 5
5557 20 5
5558 18 5
5559 13 8
5560 22 5
5561 14 5
5562 15 5
5563 20 5
5564 39 5
5565 32 5
5566 25 5
5567 18 5
5568 29 5
5569 35 5
5570 32 5
5571 35 5
5572 24 5
5573 35 5
5574 7 7
5575 21 5
5576 20 5
5577 17 5
5578 12 5
5579 11 5
5580 12 8
5581 13 5
5582 8 5
5583 12 5
5584 9 5
5585 10 5
5586 63 5
5587 11 5
5588 21 5
5589 10 5
5590 13 5
5591 20 5
5592 17 5
5593 20 5
5594 10 5
5595 11 5
5596 26 5
5597 16 5
5598 8 5
5599 15 5
5600 27 5
5601 13 5
5602 12 5
5603 11 5
5604 10 5
5605 14 5
5606 12 5
5607 15 5
5608 9 5
5609 13 5
5610 12 5
5611 11 5
5612 21 5
5613 15 5
5614 13 5
5615 10 5
5616 11 5
5617 11 5
5618 15 5
5619 25 5
5620 15 5
5621 18 7
5622 11 5
5623 9 5
5624 29 5
5625 10 5
5626 16 5
5627 11 5
5628 18 5
5629 22 5
5630 26 5
5631 35 5
5632 21 5
5633 23 5
5634 33 5
5635 9 5
5636 12 5
5637 9 5
5638 6 7
5639 21 5
5640 10 5
5641 9 5
5642 9 5
5643 10 5
5644 9 5
5645 14 5
5646 12 5
5647 10 5
5648 14 5
5649 14 5
5650 15 5
5651 14 5
5652 7 5
5653 14 5
5654 15 5
5655 29 5
5656 13 5
5657 10 5
5658 11 5
5659 17 5
5660 22 5
5661 29 5
5662 25 5
5663 9 5
5664 8 7
5665 10 5
5666 9 5
5667 12 5
5668 10 5
5669 9 5
5670 9 5
5671 75 5
5672 14 5
5673 13 5
5674 12 5
5675 12 5
5676 12 5
5677 12 5
5678 9 5
5679 14 5
5680 12 5
5681 16 5
5682 14 5
5683 14 5
5684 17 5
5685 18 5
5686 25 5
5687 14 5
5688 11 5
5689 10 5
5690 14 5
5691 9 5
5692 17 5
5693 10 5
5694 7 5
5695 9 5
5696 15 5
5697 13 5
5698 17 5
5699 8 5
5700 28 5
5701 12 5
5702 17 5
5703 8 5
5704 11 5
5705 14 7
5706 10 5
5707 15 5
5708 11 5
5709 10 5
5710 14 5
5711 7 5
5712 8 5
5713 7 5
5714 17 5
5715 13 5
5716 19 5
5717 20 5
5718 9 5
5719 26 5
5720 21 5
5721 10 5
5722 16 5
5723 16 5
5724 22 5
5725 15 5
5726 15 5
5727 17 5
5728 13 5
5729 18 7
5730 15 5
5731 17 5
5732 13 5
5733 13 5
5734 13 5
5735 12 5
5736 16 5
5737 15 5
5738 15 5
5739 13 5
5740 14 5
5741 19 5
5742 9 5
5743 10 5
5744 9 5
5745 12 5
5746 11 5
5747 19 5
5748 15 5
5749 21 5
5750 17 5
5751 45 5
5752 13 5
5753 14 5
5754 12 5
5755 12 5
5756 15 5
5757 11 5
5758 14 5
5759 26 5
5760 19 5
5761 15 5
5762 11 5
5763 22 5
5764 14 5
5765 12 5
5766 13 5
5767 15 5
5768 14 5
5769 21 5
5770 13 5
5771 12 9
5772 40 5
5773 24 5
5774 14 5
5775 18 5
5776 15 5
5777 12 5
5778 14 5
5779 14 5
5780 16 5
5781 14 5
5782 30 5
5783 11 5
5784 11 5
5785 9 5
5786 9 5
5787 18 5
5788 15 5
5789 12 5
5790 18 5
5791 10 5
5792 14 5
5793 10 5
5794 14 5
5795 15 5
5796 36 5
5797 11 5
5798 50 5
5799 19 5
5800 21 5
5801 11 5
5802 17 7
5803 15 5
5804 33 5
5805 9 5
5806 12 5
5807 11 5
5808 13 5
5809 18 5
5810 11 5
5811 10 5
5812 13 5
5813 21 5
5814 13 5
5815 11 5
5816 16 5
5817 21 5
5818 12 5
5819 12 5
5820 19 5
5821 15 5
5822 8 5
5823 19 5
5824 20 5
5825 29 5
5826 44 5
5827 19 5
5828 13 5
5829 16 5
5830 10 5
5831 8 5
5832 8 5
5833 9 5
5834 9 5
5835 12 5
5836 8 5
5837 8 5
5838 9 5
5839 16 6
5840 8 5
5841 19 5
5842 8 6
5843 12 5
5844 9 5
5845 15 5
5846 18 5
5847 9 5
5848 22 5
5849 30 5
5850 11 5
5851 12 5
5852 13 5
5853 11 5
5854 11 5
5855 11 5
5856 14 5
5857 15 5
5858 9 5
5859 10 9
5860 12 5
5861 12 5
5862 14 5
5863 12 5
5864 13 5
5865 13 5
5866 17 5
5867 10 5
5868 18 5
5869 33 5
5870 8 5
5871 9 5
5872 11 5
5873 11 7
5874 11 5
5875 12 5
5876 9 7
5877 14 5
5878 14 5
5879 9 5
5880 15 5
5881 15 5
5882 15 5
5883 23 5
5884 18 5
5885 16 5
5886 44 5
5887 8 5
5888 9 5
5889 19 5
5890 16 5
5891 13 5
5892 15 5
5893 18 5
5894 13 5
5895 17 5
5896 24 5
5897 14 5
5898 12 5
5899 9 5
5900 10 5
5901 13 5
5902 10 7
5903 15 5
5904 15 5
5905 23 5
5906 15 5
5907 16 5
5908 14 5
5909 15 5
5910 8 5
5911 11 5
5912 10 5
5913 13 5
5914 12 5
5915 9 5
5916 12 5
5917 10 5
5918 12 5
5919 14 5
5920 14 5
5921 26 5
5922 13 5
5923 11 5
5924 12 5
5925 13 5
5926 11 5
5927 11 5
5928 15 5
5929 16 5
5930 28 5
5931 12 5
5932 19 5
5933 14 5
5934 15 5
5935 15 7
5936 22 5
5937 20 5
5938 22 5
5939 14 5
5940 24 5
5941 14 5
5942 24 5
5943 17 5
5944 12 5
5945 12 5
5946 13 5
5947 17 5
5948 14 5
5949 13 5
5950 17 5
5951 18 5
5952 23 5
5953 14 5
5954 28 5
5955 18 5
5956 14 5
5957 27 5
5958 20 5
5959 10 5
5960 19 5
5961 15 5
5962 16 5
5963 37 5
5964 12 5
5965 11 5
5966 13 5
5967 10 5
5968 18 5
5969 9 5
5970 15 5
5971 9 5
5972 11 5
5973 12 5
5974 15 5
5975 18 5
5976 16 5
5977 12 5
5978 13 5
5979 16 5
5980 21 5
5981 9 5
5982 17 5
5983 11 5
5984 13 5
5985 28 5
5986 13 5
5987 27 5
5988 42 5
5989 11 5
5990 5 8
5991 18 5
5992 12 5
5993 15 5
5994 13 5
5995 10 5
5996 12 5
5997 10 5
5998 15 5
5999 13 5
6000 15 5
6001 9 7
6002 12 5
6003 16 5
6004 11 5
6005 11 5
6006 22 5
6007 34 5
6008 11 5
6009 130 5
6010 15 5
6011 15 5
6012 64 5
6013 13 5
6014 14 5
6015 19 5
6016 90 5
6017 62 5
6018 10 5
6019 32 5
6020 15 5
6021 16 5
6022 21 5
6023 16 5
6024 8 5
6025 23 5
6026 15 5
6027 7 5
6028 18 5
6029 12 5
6030 14 5
6031 14 5
6032 12 5
6033 13 5
6034 14 5
6035 10 5
6036 11 5
6037 12 5
6038 7 5
6039 14 5
6040 13 5
6041 14 5
6042 11 5
6043 8 5
6044 9 5
6045 13 5
6046 14 5
6047 14 5
6048 13 8
6049 14 5
6050 15 5
6051 31 5
6052 27 5
6053 23 5
6054 16 5
6055 25 5
6056 13 5
6057 28 5
6058 16 8
6059 17 5
6060 15 5
6061 10 5
6062 19 5
6063 15 5
6064 18 5
6065 18 5
6066 16 5
6067 22 5
6068 18 5
6069 12 5
6070 11 5
6071 14 5
6072 18 5
6073 18 5
6074 22 5
6075 20 5
6076 26 5
6077 13 5
6078 12 5
6079 24 5
6080 9 5
6081 9 5
6082 10 5
6083 14 5
6084 22 5
6085 16 5
6086 26 5
6087 13 5
6088 13 5
6089 7 5
6090 12 5
6091 13 5
6092 10 5
6093 10 5
6094 12 5
6095 15 5
6096 14 5
6097 13 5
6098 10 5
6099 20 5
6100 9 5
6101 10 5
6102 10 5
6103 26 5
6104 8 5
6105 16 5
6106 22 5
6107 13 5
6108 12 5
6109 12 5
6110 21 5
6111 62 5
6112 55 5
6113 40 5
6114 38 5
6115 25 5
6116 15 5
6117 14 5
6118 13 5
6119 12 5
6120 10 5
6121 13 8
6122 18 5
6123 13 5
6124 13 8
6125 13 5
6126 26 5
6127 10 5
6128 24 5
6129 9 5
6130 17 5
6131 8 7
6132 16 5
6133 18 5
6134 27 5
6135 17 5
6136 19 5
6137 18 5
6138 21 5
6139 44 5
6140 7 6
6141 37 5
6142 41 5
6143 11 5
6144 34 5
6145 11 5
6146 13 5
6147 20 5
6148 15 5
6149 13 5
6150 9 9
6151 22 5
6152 18 5
6153 16 5
6154 20 5
6155 21 5
6156 16 5
6157 11 5
6158 16 5
6159 14 5
6160 12 5
6161 33 8
6162 12 5
6163 13 8
6164 10 5
6165 17 8
6166 10 5
6167 11 5
6168 9 5
6169 9 5
6170 18 5
6171 14 5
6172 13 5
6173 12 5
6174 16 5
6175 18 5
6176 59 8
6177 10 5
6178 24 5
6179 72 5
6180 31 5
6181 14 5
6182 14 5
6183 10 5
6184 15 5
6185 10 5
6186 11 5
6187 13 5
6188 11 5
6189 12 8
6190 11 5
6191 11 5
6192 15 5
6193 11 5
6194 12 5
6195 23 5
6196 10 5
6197 15 5
6198 22 5
6199 19 5
6200 13 5
6201 18 5
6202 26 5
6203 11 5
6204 24 5
6205 12 5
6206 15 5
6207 15 5
6208 11 8
6209 9 5
6210 26 5
6211 11 5
6212 13 5
6213 10 5
6214 13 5
6215 15 5
6216 12 7
6217 12 5
6218 27 5
6219 15 5
6220 16 5
6221 11 5
6222 11 7
6223 15 8
6224 14 5
6225 9 5
6226 16 5
6227 10 5
6228 11 5
6229 11 5
6230 15 5
6231 14 5
6232 8 5
6233 16 5
6234 9 5
6235 9 5
6236 16 5
6237 16 5
6238 20 5
6239 10 7
6240 20 5
6241 14 5
6242 12 5
6243 13 5
6244 14 5
6245 21 5
6246 11 5
6247 18 5
6248 13 5
6249 19 5
6250 15 5
6251 19 5
6252 13 5
6253 9 8
6254 17 5
6255 13 5
6256 21 5
6257 8 5
6258 9 5
6259 19 5
6260 12 9
6261 13 5
6262 15 5
6263 9 5
6264 11 7
6265 14 5
6266 11 5
6267 15 5
6268 10 5
6269 12 5
6270 13 5
6271 23 5
6272 24 5
6273 11 5
6274 11 5
6275 9 5
6276 12 5
6277 11 5
6278 10 5
6279 10 5
6280 13 5
6281 15 5
6282 14 5
6283 20 5
6284 16 5
6285 15 5
6286 14 5
6287 19 5
6288 15 5
6289 14 5
6290 18 5
6291 12 5
6292 15 5
6293 12 5
6294 13 5
6295 14 5
6296 13 5
6297 13 5
6298 10 8
6299 12 5
6300 9 5
6301 12 5
6302 18 5
6303 13 5
6304 11 5
6305 15 5
6306 15 5
6307 17 5
6308 12 5
6309 17 5
6310 9 5
6311 10 5
6312 24 5
6313 17 5
6314 20 5
6315 27 5
6316 10 7
6317 24 5
6318 12 7
6319 14 5
6320 11 5
6321 10 7
6322 14 5
6323 10 5
6324 9 5
6325 14 5
6326 7 5
6327 13 5
6328 10 5
6329 17 5
6330 10 5
6331 9 5
6332 15 5
6333 9 5
6334 11 5
6335 11 5
6336 12 5
6337 12 5
6338 13 5
6339 15 5
6340 39 5
6341 13 5
6342 12 5
6343 12 5
6344 17 5
6345 25 5
6346 11 5
6347 12 5
6348 27 5
6349 15 5
6350 13 5
6351 26 5
6352 20 5
6353 9 5
6354 19 5
6355 47 5
6356 8 5
6357 19 5
6358 8 5
6359 12 5
6360 17 5
6361 14 9
6362 11 5
6363 14 5
6364 14 5
6365 12 5
6366 7 5
6367 15 5
6368 13 5
6369 15 5
6370 14 5
6371 10 5
6372 10 5
6373 12 5
6374 17 5
6375 12 5
6376 21 5
6377 16 5
6378 31 5
6379 18 5
6380 15 5
6381 13 5
6382 31 5
6383 19 5
6384 22 5
6385 32 5
6386 20 5
6387 15 5
6388 18 5
6389 15 5
6390 14 5
6391 13 5
6392 12 5
6393 11 5
6394 13 5
6395 11 5
6396 10 8
6397 9 5
6398 15 5
6399 15 5
6400 15 5
6401 16 5
6402 14 5
6403 12 5
6404 16 5
6405 13 5
6406 11 5
6407 10 5
6408 11 5
6409 10 5
6410 23 5
6411 14 5
6412 13 5
6413 11 5
6414 15 5
6415 12 5
6416 11 5
6417 13 5
6418 8 5
6419 22 5
6420 7 7
6421 12 5
6422 17 5
6423 28 8
6424 21 7
6425 21 5
6426 23 8
6427 18 5
6428 17 5
6429 15 5
6430 21 5
6431 19 5
6432 9 5
6433 17 5
6434 25 5
6435 12 5
6436 13 5
6437 58 5
6438 17 5
6439 20 5
6440 11 5
6441 18 5
6442 13 5
6443 10 5
6444 26 5
6445 14 5
6446 13 5
6447 15 5
6448 13 8
6449 11 5
6450 11 5
6451 10 8
6452 20 5
6453 16 5
6454 19 5
6455 10 5
6456 15 5
6457 17 5
6458 11 5
6459 9 5
6460 14 5
6461 13 5
6462 7 5
6463 21 5
6464 10 5
6465 19 5
6466 9 5
6467 64 5
6468 12 5
6469 11 5
6470 14 5
6471 12 5
6472 14 5
6473 10 5
6474 12 5
6475 16 5
6476 13 5
6477 10 5
6478 12 5
6479 12 5
6480 15 5
6481 19 5
6482 12 8
6483 18 5
6484 16 5
6485 31 5
6486 37 5
6487 22 5
6488 21 5
6489 17 5
6490 12 5
6491 20 5
6492 10 5
6493 14 9
6494 11 5
6495 18 5
6496 14 5
6497 13 5
6498 13 5
6499 17 5
6500 28 5
6501 18 5
6502 20 5
6503 25 9
6504 23 5
6505 18 5
6506 15 5
6507 28 5
6508 17 5
6509 16 5
6510 15 5
6511 19 5
6512 24 5
6513 17 5
6514 8 9
6515 8 5
6516 23 5
6517 49 5
6518 7 5
6519 16 5
6520 26 5
6521 11 5
6522 11 5
6523 15 5
6524 11 5
6525 30 5
6526 17 5
6527 19 5
6528 11 5
6529 12 5
6530 13 5
6531 13 5
6532 12 5
6533 17 5
6534 12 5
6535 12 5
6536 10 5
6537 8 5
6538 11 5
6539 8 5
6540 13 5
6541 9 6
6542 21 5
6543 13 5
6544 14 5
6545 16 5
6546 14 5
6547 34 5
6548 45 5
6549 9 5
6550 20 5
6551 15 5
6552 21 5
6553 15 5
6554 12 5
6555 15 5
6556 10 5
6557 12 5
6558 16 5
6559 7 5
6560 10 5
6561 10 5
6562 9 5
6563 19 5
6564 15 5
6565 15 5
6566 14 5
6567 35 5
6568 17 5
6569 14 5
6570 18 5
6571 20 5
6572 18 5
6573 18 5
6574 16 5
6575 16 5
6576 12 5
6577 8 5
6578 13 5
6579 14 5
6580 11 5
6581 10 5
6582 9 5
6583 17 5
6584 14 5
6585 15 5
6586 10 5
6587 14 5
6588 15 5
6589 9 10
6590 17 5
6591 14 5
6592 36 5
6593 28 5
6594 12 5
6595 15 5
6596 10 5
6597 12 5
6598 12 5
6599 20 5
6600 13 5
6601 14 5
6602 11 5
6603 10 5
6604 11 5
6605 56 5
6606 21 5
6607 18 5
6608 18 5
6609 19 5
6610 17 5
6611 19 5
6612 14 5
6613 16 5
6614 17 5
6615 16 5
6616 45 5
6617 34 5
6618 10 5
6619 13 5
6620 20 5
6621 16 5
6622 20 5
6623 35 5
6624 35 5
6625 17 5
6626 36 5
6627 14 5
6628 13 5
6629 22 5
6630 13 5
6631 21 5
6632 21 5
6633 18 5
6634 14 8
6635 19 5
6636 14 5
6637 8 5
6638 15 5
6639 11 5
6640 12 5
6641 9 5
6642 11 5
6643 9 5
6644 10 5
6645 11 5
6646 10 5
6647 14 5
6648 20 5
6649 14 5
6650 10 5
6651 13 5
6652 22 5
6653 21 5
6654 11 5
6655 16 8
6656 31 5
6657 26 5
6658 21 5
6659 23 5
6660 14 5
6661 17 5
6662 9 5
6663 16 5
6664 27 5
6665 13 5
6666 27 5
6667 10 8
6668 9 5
6669 16 5
6670 15 5
6671 11 5
6672 11 5
6673 12 5
6674 11 5
6675 9 5
6676 11 5
6677 14 5
6678 30 5
6679 15 5
6680 9 5
6681 9 8
6682 12 5
6683 12 5
6684 12 5
6685 12 5
6686 14 5
6687 10 5
6688 19 9
6689 17 5
6690 12 5
6691 12 5
6692 13 5
6693 9 6
6694 13 5
6695 22 5
6696 19 5
6697 17 5
6698 19 5
6699 25 5
6700 19 5
6701 15 5
6702 15 5
6703 8 5
6704 15 5
6705 10 5
6706 22 5
6707 13 5
6708 12 5
6709 11 5
6710 11 5
6711 12 5
6712 18 5
6713 13 5
6714 7 5
6715 20 5
6716 10 5
6717 12 5
6718 40 5
6719 11 5
6720 17 5
6721 12 5
6722 10 5
6723 10 5
6724 11 5
6725 13 5
6726 21 5
6727 20 5
6728 20 5
6729 34 5
6730 21 5
6731 8 5
6732 11 5
6733 10 5
6734 8 5
6735 9 8
6736 29 5
6737 9 5
6738 13 5
6739 10 5
6740 20 5
6741 7 5
6742 14 5
6743 18 5
6744 11 5
6745 14 9
6746 14 5
6747 10 5
6748 14 5
6749 12 5
6750 9 5
6751 11 5
6752 10 5
6753 19 5
6754 17 5
6755 11 5
6756 8 5
6757 23 5
6758 22 5
6759 12 5
6760 15 5
6761 14 5
6762 14 5
6763 17 5
6764 10 5
6765 11 5
6766 14 5
6767 16 5
6768 18 5
6769 35 5
6770 25 5
6771 15 5
6772 23 5
6773 10 5
6774 9 5
6775 16 5
6776 11 5
6777 11 6
6778 11 5
6779 11 5
6780 14 5
6781 11 5
6782 11 5
6783 15 5
6784 25 5
6785 15 5
6786 26 5
6787 23 5
6788 40 5
6789 28 5
6790 47 5
6791 49 5
6792 9 5
6793 10 5
6794 13 5
6795 18 5
6796 15 5
6797 10 5
6798 12 5
6799 12 5
6800 16 5
6801 20 5
6802 20 5
6803 9 5
6804 21 5
6805 7 5
6806 8 5
6807 18 5
6808 13 5
6809 8 5
6810 12 8
6811 21 7
6812 25 5
6813 13 5
6814 21 5
6815 14 5
6816 15 5
6817 10 5
6818 21 5
6819 12 5
6820 26 5
6821 19 5
6822 13 5
6823 8 5
6824 16 5
6825 20 5
6826 19 5
6827 10 5
6828 16 5
6829 9 5
6830 18 8
6831 11 5
6832 9 5
6833 24 5
6834 11 7
6835 15 5
6836 13 5
6837 15 5
6838 29 5
6839 19 5
6840 12 7
6841 14 5
6842 11 5
6843 10 5
6844 10 7
6845 13 5
6846 13 5
6847 13 8
6848 9 5
6849 17 5
6850 12 5
6851 20 5
6852 17 5
6853 17 5
6854 10 5
6855 11 5
6856 11 5
6857 10 5
6858 11 5
6859 12 5
6860 18 5
6861 15 5
6862 10 5
6863 15 5
6864 10 5
6865 11 5
6866 15 5
6867 18 5
6868 12 5
6869 25 5
6870 19 5
6871 25 5
6872 12 5
6873 20 5
6874 28 5
6875 16 5
6876 17 5
6877 31 5
6878 18 5
6879 13 8
6880 14 5
6881 11 5
6882 12 5
6883 14 5
6884 30 5
6885 12 5
6886 13 5
6887 13 5
6888 11 5
6889 14 5
6890 7 5
6891 13 5
6892 9 5
6893 10 5
6894 17 5
6895 20 5
6896 12 5
6897 14 5
6898 14 5
6899 38 5
6900 10 5
6901 41 5
6902 15 5
6903 23 5
6904 19 5
6905 13 5
6906 16 5
6907 13 5
6908 25 5
6909 31 5
6910 18 5
6911 14 5
6912 16 5
6913 20 5
6914 15 5
6915 14 5
6916 16 5
6917 9 5
6918 10 5
6919 18 5
6920 20 5
6921 13 5
6922 23 5
6923 14 5
6924 11 5
6925 14 5
6926 13 5
6927 11 5
6928 12 5
6929 11 5
6930 12 5
6931 12 5
6932 19 5
6933 29 5
6934 13 5
6935 17 5
6936 15 5
6937 22 5
6938 7 5
6939 11 5
6940 9 5
6941 13 5
6942 63 5
6943 9 5
6944 13 5
6945 10 5
6946 10 5
6947 9 5
6948 13 5
6949 15 5
6950 12 5
6951 11 5
6952 12 8
6953 22 5
6954 15 5
6955 14 5
6956 14 5
6957 41 5
6958 17 5
6959 20 5
6960 14 5
6961 25 5
6962 18 5
6963 14 5
6964 21 5
6965 19 5
6966 17 5
6967 19 5
6968 39 5
6969 10 5
6970 14 5
6971 13 5
6972 21 5
6973 11 5
6974 28 5
6975 15 5
6976 16 5
6977 16 5
6978 11 5
6979 25 5
6980 16 5
6981 13 7
6982 21 5
6983 15 5
6984 26 5
6985 9 8
6986 16 5
6987 16 5
6988 18 5
6989 14 5
6990 12 9
6991 33 5
6992 11 5
6993 14 5
6994 14 5
6995 15 5
6996 11 5
6997 14 5
6998 30 5
6999 18 5
7000 21 5
7001 17 5
7002 11 5
7003 13 5
7004 33 5
7005 41 5
7006 10 5
7007 7 5
7008 14 5
7009 23 5
7010 17 5
7011 13 5
7012 81 5
7013 64 5
7014 43 5
7015 19 5
7016 12 5
7017 22 5
7018 14 5
7019 18 5
7020 15 5
7021 11 5
7022 13 5
7023 24 5
7024 45 5
7025 41 5
7026 29 5
7027 18 5
7028 15 5
7029 12 5
7030 26 5
7031 59 5
7032 38 5
7033 17 5
7034 10 5
7035 16 5
7036 24 5
7037 10 5
7038 26 5
7039 16 5
7040 17 5
7041 17 5
7042 13 5
7043 19 5
7044 13 5
7045 12 8
7046 28 5
7047 9 5
7048 21 5
7049 20 5
7050 13 5
7051 8 5
7052 24 5
7053 23 5
7054 14 5
7055 46 5
7056 9 5
7057 23 5
7058 24 5
7059 18 5
7060 13 5
7061 14 5
7062 19 5
7063 17 5
7064 21 5
7065 14 5
7066 13 5
7067 11 5
7068 14 5
7069 12 5
7070 9 5
7071 13 5
7072 12 5
7073 11 5
7074 8 5
7075 16 5
7076 9 5
7077 15 5
7078 15 5
7079 10 5
7080 10 5
7081 16 5
7082 12 5
7083 10 5
7084 11 5
7085 10 5
7086 12 5
7087 16 5
7088 13 5
7089 10 5
7090 14 5
7091 18 5
7092 20 5
7093 13 5
7094 8 5
7095 17 5
7096 16 5
7097 22 5
7098 13 5
7099 17 5
7100 19 5
7101 10 5
7102 9 5
7103 15 5
7104 68 5
7105 12 5
7106 10 5
7107 9 7
7108 13 5
7109 10 5
7110 11 5
7111 12 5
7112 11 5
7113 16 7
7114 11 5
7115 16 7
7116 8 5
7117 17 5
7118 14 5
7119 10 7
7120 13 8
7121 9 5
7122 13 5
7123 16 5
7124 36 5
7125 28 5
7126 15 5
7127 12 5
7128 16 5
7129 15 5
7130 12 6
7131 104 5
7132 18 5
7133 19 5
7134 18 5
7135 17 5
7136 14 5
7137 13 5
7138 8 5
7139 11 5
7140 11 5
7141 16 5
7142 15 5
7143 16 5
7144 30 5
7145 20 5
7146 15 5
7147 14 5
7148 18 5
7149 19 5
7150 10 5
7151 10 5
7152 18 5
7153 27 5
7154 25 5
7155 22 5
7156 23 5
7157 16 5
7158 21 5
7159 18 5
7160 20 5
7161 14 8
7162 15 5
7163 15 5
7164 15 5
7165 13 5
7166 14 5
7167 13 9
7168 9 8
7169 19 5
7170 12 5
7171 17 5
7172 14 5
7173 14 5
7174 16 5
7175 32 5
7176 34 5
7177 18 5
7178 13 5
7179 12 5
7180 13 5
7181 14 7
7182 13 5
7183 14 5
7184 12 5
7185 73 5
7186 30 5
7187 14 5
7188 10 5
7189 14 5
7190 13 5
7191 8 5
7192 16 5
7193 12 5
7194 13 5
7195 13 5
7196 10 5
7197 9 5
7198 9 5
7199 11 5
7200 9 5
7201 14 5
7202 20 5
7203 14 5
7204 9 6
7205 23 5
7206 13 5
7207 16 5
7208 13 5
7209 15 5
7210 13 5
7211 18 5
7212 27 5
7213 22 5
7214 13 5
7215 10 5
7216 9 5
7217 11 5
7218 9 5
7219 15 5
7220 24 5
7221 29 5
7222 18 5
7223 34 5
7224 34 5
7225 11 5
7226 12 5
7227 27 5
7228 14 5
7229 10 7
7230 7 7
7231 10 5
7232 8 5
7233 36 5
7234 34 5
7235 14 5
7236 32 5
7237 48 5
7238 24 5
7239 18 5
7240 23 5
7241 18 5
7242 12 5
7243 10 5
7244 11 5
7245 17 5
7246 12 5
7247 16 5
7248 18 5
7249 11 5
7250 15 5
7251 12 5
7252 12 5
7253 13 5
7254 13 5
7255 13 5
7256 9 5
7257 20 5
7258 40 5
7259 9 8
7260 10 5
7261 42 5
7262 10 5
7263 15 5
7264 14 5
7265 11 5
7266 9 5
7267 9 5
7268 10 5
7269 10 5
7270 27 5
7271 12 5
7272 18 5
7273 14 5
7274 12 5
7275 9 5
7276 13 5
7277 14 5
7278 15 5
7279 10 5
7280 15 5
7281 12 5
7282 13 5
7283 12 5
7284 13 5
7285 7 5
7286 15 5
7287 16 5
7288 17 5
7289 16 5
7290 13 5
7291 17 5
7292 11 5
7293 14 5
7294 14 5
7295 13 5
7296 14 5
7297 18 5
7298 14 7
7299 11 5
7300 10 5
7301 17 5
7302 13 5
7303 14 5
7304 19 5
7305 16 5
7306 11 7
7307 12 5
7308 10 5
7309 14 5
7310 12 5
7311 16 5
7312 17 5
7313 10 5
7314 19 5
7315 15 5
7316 18 5
7317 12 5
7318 11 5
7319 12 5
7320 8 5
7321 11 5
7322 18 5
7323 29 5
7324 11 5
7325 17 5
7326 14 5
7327 14 5
7328 9 5
7329 17 5
7330 9 5
7331 20 5
7332 13 5
7333 13 5
7334 16 5
7335 61 5
7336 32 5
7337 15 5
7338 21 5
7339 13 7
7340 18 5
7341 14 5
7342 13 5
7343 10 5
7344 12 5
7345 14 5
7346 19 5
7347 18 5
7348 20 5
7349 10 5
7350 21 5
7351 11 5
7352 13 5
7353 23 5
7354 25 5
7355 13 5
7356 15 5
7357 13 5
7358 18 5
7359 16 5
7360 20 5
7361 14 5
7362 21 5
7363 17 5
7364 12 5
7365 14 5
7366 11 8
7367 10 5
7368 10 5
7369 8 5
7370 13 5
7371 14 5
7372 69 5
7373 23 7
7374 26 5
7375 8 5
7376 15 5
7377 13 5
7378 10 5
7379 14 5
7380 11 5
7381 12 5
7382 20 5
7383 19 5
7384 13 5
7385 12 5
7386 12 5
7387 11 5
7388 12 5
7389 14 5
7390 15 5
7391 11 5
7392 19 5
7393 9 5
7394 20 5
7395 10 5
7396 11 5
7397 13 5
7398 13 5
7399 11 5
7400 21 5
7401 20 8
7402 19 5
7403 18 5
7404 13 5
7405 14 5
7406 33 5
7407 13 5
7408 16 5
7409 14 5
7410 11 5
7411 14 5
7412 23 5
7413 18 5
7414 9 5
7415 56 5
7416 13 5
7417 34 5
7418 13 5
7419 12 5
7420 29 5
7421 13 5
7422 12 5
7423 25 5
7424 12 5
7425 12 5
7426 41 5
7427 19 5
7428 13 5
7429 13 5
7430 13 5
7431 17 5
7432 14 5
7433 18 5
7434 13 5
7435 14 5
7436 14 5
7437 13 5
7438 17 5
7439 13 5
7440 15 5
7441 18 5
7442 14 5
7443 20 5
7444 11 5
7445 18 5
7446 16 5
7447 13 5
7448 18 5
7449 14 5
7450 16 5
7451 16 5
7452 20 5
7453 15 5
7454 13 5
7455 14 5
7456 18 5
7457 11 5
7458 9 10
7459 16 5
7460 11 5
7461 22 5
7462 17 5
7463 15 5
7464 11 5
7465 15 5
7466 11 5
7467 9 5
7468 25 5
7469 11 5
7470 26 5
7471 11 5
7472 18 5
7473 18 5
7474 21 5
7475 12 5
7476 12 5
7477 11 5
7478 16 5
7479 13 5
7480 17 8
7481 9 5
7482 19 5
7483 9 5
7484 22 5
7485 26 5
7486 12 5
7487 23 5
7488 20 5
7489 18 5
7490 16 5
7491 19 5
7492 39 5
7493 29 5
7494 20 5
7495 31 5
7496 18 5
7497 13 5
7498 23 5
7499 17 5
7500 34 5
7501 30 5
7502 16 5
7503 19 5
7504 10 5
7505 9 5
7506 24 5
7507 24 5
7508 11 5
7509 15 5
7510 17 5
7511 12 5
7512 10 5
7513 8 5
7514 10 5
7515 13 5
7516 13 5
7517 10 5
7518 11 5
7519 10 5
7520 8 5
7521 9 5
7522 13 5
7523 11 5
7524 13 5
7525 13 5
7526 23 5
7527 13 5
7528 8 5
7529 13 5
7530 13 5
7531 9 5
7532 10 5
7533 9 5
7534 11 5
7535 15 5
7536 10 5
7537 19 5
7538 9 5
7539 12 5
7540 12 5
7541 12 5
7542 17 5
7543 29 5
7544 16 5
7545 16 5
7546 14 5
7547 10 5
7548 13 5
7549 14 5
7550 12 5
7551 16 5
7552 16 5
7553 6 5
7554 9 5
7555 10 5
7556 19 5
7557 21 5
7558 77 5
7559 11 5
7560 15 5
7561 13 5
7562 33 5
7563 10 5
7564 11 5
7565 11 5
7566 11 5
7567 12 5
7568 12 7
7569 9 5
7570 20 5
7571 14 5
7572 12 5
7573 9 5
7574 15 5
7575 18 5
7576 17 5
7577 20 5
7578 14 5
7579 36 5
7580 30 5
7581 11 5
7582 37 5
7583 20 5
7584 19 5
7585 21 5
7586 13 5
7587 16 5
7588 10 5
7589 21 5
7590 14 5
7591 11 5
7592 20 5
7593 63 5
7594 15 5
7595 11 5
7596 12 5
7597 20 9
7598 15 5
7599 12 5
7600 6 5
7601 15 5
7602 11 5
7603 18 5
7604 13 5
7605 17 5
7606 9 5
7607 11 5
7608 11 5
7609 15 5
7610 27 5
7611 30 5
7612 26 5
7613 22 5
7614 34 5
7615 14 5
7616 8 5
7617 12 5
7618 43 5
7619 10 5
7620 13 5
7621 15 5
7622 11 5
7623 18 5
7624 14 5
7625 9 5
7626 11 5
7627 15 5
7628 21 5
7629 16 5
7630 11 5
7631 17 5
7632 19 5
7633 18 7
7634 17 5
7635 37 5
7636 15 5
7637 24 5
7638 8 5
7639 31 5
7640 16 5
7641 19 5
7642 17 5
7643 19 5
7644 20 5
7645 12 5
7646 8 5
7647 12 5
7648 9 5
7649 8 5
7650 10 5
7651 10 5
7652 15 5
7653 11 5
7654 18 5
7655 11 5
7656 11 5
7657 11 5
7658 47 5
7659 33 5
7660 15 5
7661 11 5
7662 22 5
7663 15 5
7664 9 5
7665 13 5
7666 11 5
7667 12 5
7668 14 5
7669 11 5
7670 27 5
7671 12 5
7672 13 8
7673 11 5
7674 49 5
7675 47 5
7676 10 5
7677 44 5
7678 13 5
7679 14 5
7680 13 5
7681 9 5
7682 10 5
7683 8 5
7684 8 7
7685 12 5
7686 10 5
7687 16 5
7688 35 5
7689 11 5
7690 18 5
7691 16 5
7692 12 5
7693 12 5
7694 8 5
7695 11 5
7696 11 5
7697 10 5
7698 8 7
7699 14 5
7700 14 5
7701 24 5
7702 12 5
7703 22 5
7704 8 5
7705 36 5
7706 8 5
7707 39 5
7708 19 5
7709 18 5
7710 33 5
7711 17 5
7712 16 5
7713 9 5
7714 14 5
7715 15 5
7716 18 5
7717 28 5
7718 10 5
7719 18 5
7720 30 5
7721 14 5
7722 17 5
7723 18 5
7724 22 5
7725 21 5
7726 15 5
7727 10 7
7728 14 5
7729 9 5
7730 16 5
7731 17 5
7732 17 7
7733 11 5
7734 9 5
7735 12 5
7736 14 5
7737 14 5
7738 13 5
7739 12 5
7740 20 5
7741 15 5
7742 16 5
7743 15 5
7744 16 5
7745 13 5
7746 11 5
7747 14 5
7748 14 5
7749 13 5
7750 16 5
7751 17 5
7752 10 5
7753 9 5
7754 12 5
7755 40 5
7756 15 5
7757 50 5
7758 30 5
7759 14 5
7760 9 5
7761 22 5
7762 14 5
7763 14 5
7764 15 5
7765 51 5
7766 14 5
7767 12 9
7768 35 5
7769 34 5
7770 31 5
7771 22 5
7772 23 5
7773 9 5
7774 12 5
7775 10 5
7776 10 5
7777 25 5
7778 10 5
7779 10 5
7780 9 5
7781 11 5
7782 10 5
7783 13 5
7784 12 5
7785 13 5
7786 13 5
7787 14 5
7788 14 5
7789 13 5
7790 16 5
7791 17 5
7792 14 5
7793 13 5
7794 16 5
7795 9 5
7796 12 5
7797 13 5
7798 13 5
7799 23 5
7800 20 5
7801 12 5
7802 84 5
7803 11 5
7804 13 5
7805 11 5
7806 12 5
7807 9 5
7808 14 5
7809 13 5
7810 9 5
7811 12 5
7812 16 5
7813 19 5
7814 11 5
7815 12 5
7816 16 8
7817 15 5
7818 27 5
7819 12 5
7820 30 5
7821 37 5
7822 36 5
7823 25 5
7824 10 5
7825 19 5
7826 10 5
7827 12 5
7828 12 5
7829 22 5
7830 20 5
7831 10 9
7832 12 5
7833 10 5
7834 16 5
7835 15 5
7836 18 5
7837 12 5
7838 10 5
7839 10 5
7840 16 5
7841 11 5
7842 12 5
7843 22 5
7844 12 5
7845 24 5
7846 17 5
7847 12 5
7848 12 5
7849 14 5
7850 13 5
7851 14 5
7852 14 5
7853 12 5
7854 13 5
7855 15 5
7856 10 5
7857 10 5
7858 14 5
7859 19 5
7860 16 5
7861 17 5
7862 21 5
7863 29 5
7864 33 5
7865 18 5
7866 17 5
7867 10 5
7868 36 5
7869 41 5
7870 12 5
7871 32 5
7872 18 5
7873 17 5
7874 29 5
7875 29 5
7876 20 5
7877 30 5
7878 20 5
7879 11 5
7880 9 5
7881 11 5
7882 16 5
7883 12 5
7884 13 5
7885 16 5
7886 16 5
7887 46 5
7888 9 5
7889 15 5
7890 11 5
7891 22 5
7892 18 14
7893 12 5
7894 10 5
7895 18 5
7896 10 7
7897 10 5
7898 39 5
7899 36 5
7900 16 5
7901 7 5
7902 14 5
7903 13 5
7904 81 5
7905 14 5
7906 10 5
7907 10 5
7908 17 5
7909 14 5
7910 14 5
7911 9 5
7912 11 5
7913 14 5
7914 11 5
7915 10 5
7916 11 5
7917 11 5
7918 19 5
7919 16 5
7920 9 5
7921 12 5
7922 20 5
7923 17 5
7924 23 5
7925 19 5
7926 15 5
7927 14 5
7928 13 5
7929 8 5
7930 19 5
7931 11 5
7932 11 5
7933 14 5
7934 8 5
7935 123 5
7936 61 5
7937 20 5
7938 17 5
7939 11 5
7940 15 5
7941 13 5
7942 11 5
7943 19 5
7944 30 5
7945 21 5
7946 35 5
7947 37 5
7948 8 5
7949 8 5
7950 20 5
7951 13 7
7952 12 5
7953 13 5
7954 8 5
7955 10 5
7956 16 5
7957 27 5
7958 20 5
7959 22 5
7960 10 5
7961 13 5
7962 15 5
7963 12 5
7964 13 5
7965 12 5
7966 28 5
7967 20 5
7968 11 5
7969 72 5
7970 19 5
7971 8 5
7972 13 5
7973 21 5
7974 7 5
7975 17 5
7976 20 5
7977 24 5
7978 16 5
7979 15 5
7980 16 5
7981 31 5
7982 13 5
7983 11 5
7984 12 5
7985 14 5
7986 48 5
7987 40 5
7988 13 5
7989 15 5
7990 13 5
7991 18 5
7992 13 5
7993 13 5
7994 12 5
7995 11 5
7996 13 5
7997 33 5
7998 13 5
7999 12 5
8000 14 5
8001 9 5
8002 135 5
8003 14 5
8004 22 5
8005 16 5
8006 21 9
8007 7 5
8008 11 8
8009 13 5
8010 33 5
8011 18 5
8012 23 5
8013 8 5
8014 9 5
8015 12 5
8016 14 5
8017 12 8
8018 16 5
8019 27 5
8020 14 5
8021 17 5
8022 24 5
8023 17 5
8024 12 5
8025 12 5
8026 12 5
8027 67 5
8028 10 5
8029 10 5
8030 11 5
8031 11 5
8032 9 5
8033 8 5
8034 11 5
8035 16 5
8036 10 5
8037 19 5
8038 14 5
8039 22 5
8040 12 5
8041 14 5
8042 17 5
8043 15 5
8044 25 5
8045 10 5
8046 8 5
8047 20 5
8048 10 5
8049 29 5
8050 83 5
8051 27 5
8052 29 5
8053 12 5
8054 13 5
8055 10 5
8056 12 5
8057 23 5
8058 15 5
8059 72 5
8060 21 5
8061 30 5
8062 27 5
8063 34 5
8064 8 5
8065 38 5
8066 20 5
8067 19 5
8068 15 5
8069 12 5
8070 11 5
8071 13 5
8072 26 5
8073 12 5
8074 10 5
8075 13 5
8076 15 5
8077 14 5
8078 28 9
8079 29 5
8080 11 5
8081 15 5
8082 9 5
8083 170 5
8084 15 5
8085 12 5
8086 15 5
8087 16 5
8088 29 5
8089 37 5
8090 27 5
8091 34 5
8092 16 5
8093 58 5
8094 11 5
8095 20 5
8096 13 5
8097 18 5
8098 10 5
8099 73 5
8100 12 5
8101 12 5
8102 14 5
8103 9 5
8104 33 5
8105 11 5
8106 11 5
8107 13 5
8108 15 5
8109 14 5
8110 13 5
8111 12 5
8112 8 5
8113 39 5
8114 32 5
8115 13 5
8116 11 5
8117 13 5
8118 12 5
8119 13 8
8120 12 5
8121 11 5
8122 38 5
8123 12 5
8124 9 5
8125 12 5
8126 15 5
8127 21 5
8128 20 5
8129 9 5
8130 9 5
8131 17 5
8132 23 5
8133 43 5
8134 18 5
8135 13 5
8136 25 5
8137 12 5
8138 17 5
8139 13 9
8140 48 5
8141 16 5
8142 25 5
8143 89 5
8144 14 5
8145 8 5
8146 18 5
8147 26 5
8148 20 5
8149 20 5
8150 10 5
8151 8 5
8152 16 5
8153 9 5
8154 13 5
8155 13 5
8156 13 5
8157 14 5
8158 12 5
8159 11 5
8160 9 5
8161 10 5
8162 10 5
8163 16 5
8164 48 5
8165 9 5
8166 14 5
8167 11 5
8168 12 5
8169 11 5
8170 13 5
8171 11 5
8172 11 5
8173 13 5
8174 32 5
8175 11 5
8176 25 5
8177 10 5
8178 10 5
8179 15 5
8180 21 5
8181 20 5
8182 10 5
8183 20 5
8184 18 5
8185 21 5
8186 18 5
8187 16 5
8188 11 5
8189 10 5
8190 11 5
8191 10 5
8192 14 5
8193 17 5
8194 16 5
8195 11 5
8196 20 5
8197 12 5
8198 9 5
8199 8 5
8200 11 5
8201 11 5
8202 11 5
8203 11 5
8204 13 5
8205 37 5
8206 17 5
8207 9 5
8208 14 5
8209 15 5
8210 10 5
8211 11 5
8212 16 5
8213 12 5
8214 11 5
8215 15 5
8216 11 5
8217 9 5
8218 15 5
8219 11 5
8220 16 5
8221 13 5
8222 15 5
8223 11 5
8224 13 5
8225 14 5
8226 12 5
8227 23 5
8228 24 5
8229 9 5
8230 12 5
8231 10 5
8232 12 5
8233 10 5
8234 19 5
8235 13 5
8236 10 5
8237 16 5
8238 9 5
8239 11 5
8240 17 5
8241 11 5
8242 10 5
8243 17 5
8244 12 5
8245 12 5
8246 13 5
8247 17 5
8248 15 5
8249 11 7
8250 11 5
8251 13 5
8252 15 5
8253 16 5
8254 61 5
8255 13 5
8256 13 5
8257 17 5
8258 25 5
8259 15 5
8260 8 5
8261 12 5
8262 13 5
8263 12 5
8264 20 5
8265 14 5
8266 18 5
8267 13 5
8268 13 5
8269 9 5
8270 15 5
8271 17 5
8272 11 5
8273 10 5
8274 13 5
8275 74 5
8276 27 5
8277 35 5
8278 11 5
8279 81 5
8280 11 5
8281 12 5
8282 12 5
8283 14 5
8284 19 5
8285 22 5
8286 16 5
8287 16 5
8288 14 5
8289 10 5
8290 10 5
8291 11 5
8292 90 5
8293 12 5
8294 82 5
8295 11 5
8296 55 5
8297 14 5
8298 13 5
8299 9 5
8300 9 5
8301 90 5
8302 10 5
8303 23 5
8304 24 5
8305 10 5
8306 34 5
8307 23 5
8308 17 5
8309 9 5
8310 12 5
8311 10 5
8312 12 5
8313 9 5
8314 16 5
8315 11 5
8316 9 5
8317 13 5
8318 8 5
8319 14 5
8320 14 5
8321 9 5
8322 9 5
8323 12 5
8324 16 5
8325 11 5
8326 17 5
8327 13 5
8328 11 5
8329 17 5
8330 13 5
8331 9 5
8332 12 5
8333 14 5
8334 17 5
8335 11 5
8336 18 5
8337 28 5
8338 33 5
8339 10 7
8340 31 5
8341 15 5
8342 17 5
8343 47 5
8344 11 5
8345 9 5
8346 11 5
8347 15 5
8348 67 5
8349 11 5
8350 13 5
8351 14 5
8352 22 8
8353 47 5
8354 16 5
8355 9 5
8356 14 5
8357 21 5
8358 21 5
8359 6 5
8360 43 5
8361 9 5
8362 12 5
8363 12 5
8364 9 5
8365 42 5
8366 17 5
8367 12 5
8368 14 5
8369 14 5
8370 9 5
8371 12 5
8372 13 5
8373 48 5
8374 27 5
8375 12 5
8376 26 5
8377 13 8
8378 19 5
8379 37 5
8380 10 5
8381 36 5
8382 37 5
8383 40 5
8384 11 5
8385 59 5
8386 11 5
8387 14 5
8388 12 5
8389 8 6
8390 11 5
8391 17 5
8392 18 5
8393 12 5
8394 13 5
8395 16 5
8396 13 5
8397 56 5
8398 11 5
8399 15 5
8400 17 5
8401 13 5
8402 17 5
8403 23 5
8404 12 5
8405 15 5
8406 13 5
8407 10 5
8408 10 5
8409 13 5
8410 11 5
8411 40 5
8412 11 5
8413 14 5
8414 9 5
8415 9 5
8416 22 5
8417 24 5
8418 13 5
8419 46 5
8420 35 5
8421 12 5
8422 11 5
8423 11 5
8424 14 5
8425 10 5
8426 11 5
8427 10 5
8428 14 5
8429 10 5
8430 16 5
8431 13 5
8432 9 5
8433 14 5
8434 36 5
8435 14 5
8436 16 5
8437 13 5
8438 15 5
8439 9 5
8440 13 5
8441 13 5
8442 15 5
8443 30 5
8444 12 5
8445 16 5
8446 11 5
8447 97 5
8448 25 5
8449 13 5
8450 22 5
8451 15 5
8452 14 5
8453 14 5
8454 11 5
8455 14 5
8456 14 5
8457 9 5
8458 11 5
8459 12 5
8460 16 5
8461 12 5
8462 86 5
8463 13 5
8464 17 5
8465 13 5
8466 8 5
8467 11 5
8468 8 5
8469 9 5
8470 12 5
8471 9 7
8472 13 5
8473 15 5
8474 16 5
8475 48 5
8476 57 5
8477 32 5
8478 32 5
8479 20 5
8480 24 5
8481 22 5
8482 20 5
8483 18 5
8484 17 5
8485 14 5
8486 34 5
8487 15 5
8488 13 5
8489 10 5
8490 12 5
8491 47 5
8492 14 5
8493 11 5
8494 9 5
8495 11 5
8496 24 5
8497 12 5
8498 62 5
8499 15 5
8500 12 5
8501 14 5
8502 14 5
8503 11 5
8504 13 5
8505 12 5
8506 13 5
8507 12 5
8508 10 5
8509 13 5
8510 14 5
8511 13 5
8512 13 5
8513 13 11
8514 17 5
8515 14 5
8516 12 5
8517 13 5
8518 14 5
8519 72 5
8520 16 5
8521 9 5
8522 11 5
8523 11 5
8524 37 5
8525 11 5
8526 12 5
8527 12 5
8528 22 5
8529 12 5
8530 16 5
8531 11 5
8532 10 5
8533 11 5
8534 17 5
8535 12 5
8536 12 5
8537 10 5
8538 19 5
8539 44 5
8540 16 5
8541 14 5
8542 11 8
8543 13 5
8544 19 5
8545 16 5
8546 42 5
8547 13 5
8548 9 5
8549 12 5
8550 12 5
8551 14 5
8552 13 5
8553 23 5
8554 43 5
8555 9 5
8556 9 5
8557 19 5
8558 18 5
8559 38 5
8560 15 5
8561 8 5
8562 11 5
8563 17 5
8564 17 5
8565 16 5
8566 19 7
8567 14 5
8568 14 5
8569 11 5
8570 13 5
8571 9 5
8572 11 5
8573 10 5
8574 18 5
8575 11 5
8576 12 5
8577 10 5
8578 14 5
8579 18 5
8580 15 5
8581 11 5
8582 12 5
8583 13 5
8584 9 5
8585 12 5
8586 25 5
8587 8 5
8588 22 5
8589 14 5
8590 13 5
8591 14 5
8592 14 5
8593 13 7
8594 23 5
8595 12 5
8596 16 5
8597 12 7
8598 18 5
8599 13 5
8600 13 5
8601 12 5
8602 15 5
8603 13 5
8604 15 5
8605 14 7
8606 11 7
8607 22 5
8608 7 5
8609 9 5
8610 15 5
8611 15 5
8612 18 5
8613 50 5
8614 27 5
8615 28 5
8616 12 5
8617 16 5
8618 12 5
8619 12 5
8620 20 5
8621 14 5
8622 8 5
8623 8 5
8624 13 7
8625 12 5
8626 11 5
8627 14 5
8628 22 5
8629 15 5
8630 13 5
8631 27 5
8632 29 5
8633 18 5
8634 13 5
8635 15 8
8636 11 7
8637 20 5
8638 13 5
8639 6 5
8640 11 5
8641 10 5
8642 13 8
8643 11 5
8644 13 5
8645 11 5
8646 12 7
8647 10 5
8648 25 5
8649 10 5
8650 10 5
8651 20 5
8652 13 8
8653 15 5
8654 19 5
8655 12 5
8656 10 7
8657 10 5
8658 10 5
8659 9 5
8660 11 5
8661 12 5
8662 16 5
8663 12 5
8664 11 5
8665 15 5
8666 15 8
8667 19 5
8668 19 5
8669 19 5
8670 13 5
8671 20 5
8672 11 5
8673 11 5
8674 15 5
8675 8 5
8676 20 5
8677 14 5
8678 11 5
8679 11 5
8680 15 8
8681 10 7
8682 10 5
8683 9 5
8684 9 5
8685 8 5
8686 9 5
8687 12 5
8688 12 5
8689 14 5
8690 8 7
8691 12 5
8692 10 5
8693 15 5
8694 16 5
8695 8 5
8696 8 5
8697 14 5
8698 8 5
8699 13 5
8700 8 5
8701 12 5
8702 11 5
8703 11 5
8704 11 5
8705 15 5
8706 9 5
8707 13 5
8708 13 5
8709 10 7
8710 9 5
8711 15 5
8712 13 5
8713 8 8
8714 9 5
8715 11 5
8716 15 5
8717 9 5
8718 13 5
8719 13 5
8720 15 5
8721 13 8
8722 10 5
8723 6 8
8724 17 5
8725 10 5
8726 16 5
8727 9 7
8728 9 5
8729 13 5
8730 19 5
8731 8 5
8732 13 5
8733 9 5
8734 20 5
8735 11 8
8736 10 5
8737 11 5
8738 14 5
8739 8 5
8740 17 5
8741 16 5
8742 14 5
8743 9 5
8744 28 5
8745 15 5
8746 15 5
8747 40 5
8748 9 5
8749 9 5
8750 17 5
8751 13 5
8752 13 5
8753 20 5
8754 32 5
8755 12 5
8756 9 5
8757 11 5
8758 9 5
8759 11 5
8760 17 5
8761 10 5
8762 17 5
8763 11 5
8764 8 5
8765 11 5
8766 13 5
8767 10 5
8768 12 5
8769 15 5
8770 9 5
8771 12 5
8772 17 8
8773 10 5
8774 17 5
8775 47 5
8776 9 5
8777 41 5
8778 9 5
8779 20 5
8780 12 12
8781 11 5
8782 11 5
8783 10 11
8784 10 5
8785 12 5
8786 14 5
8787 55 5
8788 26 5
8789 39 5
8790 9 5
8791 8 5
8792 13 5
8793 19 5
8794 30 5
8795 11 5
8796 19 5
8797 10 5
8798 26 5
8799 9 5
8800 10 5
8801 17 5
8802 7 7
8803 11 5
8804 9 5
8805 16 5
8806 8 7
8807 10 5
8808 13 5
8809 13 5
8810 10 5
8811 13 5
8812 7 5
8813 12 5
8814 20 5
8815